data/auswave_pop_flds_combined.json
{"header": { "discipline": 10, "disciplineName": "Oceanographic products", "gribEdition": 2, "gribLength": 27895, "center": 1, "centerName": "Melbourne(WMC)", "subcenter": 0, "refTime": "2017-08-29T12:00:00.000Z", "significanceOfRT": 1, "significanceOfRTName": "Start of forecast", "productStatus": 0, "productStatusName": "Operational products", "productType": 255, "productTypeName": "GRID data", "productDefinitionTemplate": 0, "productDefinitionTemplateName": "Analysis/forecast at horizontal level/layer at a point in time", "parameterCategory": 0, "parameterCategoryName": "Waves", "parameterNumber": 3, "parameterNumberName": "Significant_height_of_combined_wind_waves_and_swell", "parameterUnit": "m", "genProcessType": 0, "genProcessTypeName": "Analysis", "forecastTime": 0, "surface1Type": 1, "surface1TypeName": "Ground or water surface", "surface1Value": 1.0, "surface2Type": 255, "surface2TypeName": "Missing", "surface2Value": -9.999E-252, "gridDefinitionTemplate": 0, "gridDefinitionTemplateName": "Latitude_Longitude", "numberPoints": 52461, "shape": 6, "shapeName": "Earth spherical with radius of 6,371,229.0 m", "gridUnits": "degrees", "resolution": 48, "winds": "true", "scanMode": 0, "nx": 261, "ny": 201, "basicAngle": 0, "lo1": 100.0, "la1": 0.0, "lo2": 165.0, "la2": -50.0, "dx": 0.25, "dy": 0.25 }, "data":
[rows 144 to 179 of 201, columns 80 to 159 of 261]
1.92,1.98,2.05,2.09,2.08,2.06,2.02,1.98,1.95,1.91,1.87,1.83,1.79,1.76,1.74,1.73,1.72,1.71,1.71,1.69,1.68,1.68,1.69,1.7,1.71,1.72,1.73,1.74,1.75,1.76,1.78,1.79,1.8,1.8,1.81,1.82,1.83,1.84,1.84,1.85,1.86,1.87,1.88,1.89,1.9,1.9,1.91,1.92,1.93,1.94,1.95,1.96,1.97,1.98,1.99,2.0,2.01,2.02,2.03,2.04,2.05,2.06,2.08,2.08,2.08,1.99,2.06,1.91,1.93,1.85,1.69,1.9,1.91,1.79,1.8,1.78,1.74,1.69,1.23,"NaN"
1.91,1.95,2.01,2.05,2.05,2.03,2.0,1.97,1.94,1.9,1.86,1.82,1.79,1.76,1.74,1.72,1.71,1.7,1.69,1.69,1.68,1.69,1.7,1.71,1.72,1.73,1.74,1.75,1.76,1.78,1.79,1.8,1.81,1.82,1.83,1.83,1.84,1.85,1.86,1.86,1.87,1.88,1.89,1.9,1.91,1.91,1.92,1.93,1.94,1.95,1.96,1.97,1.98,1.99,2.0,2.01,2.02,2.03,2.04,2.05,2.06,2.07,2.08,2.09,2.09,2.07,2.16,2.0,2.03,1.99,1.97,2.0,1.97,1.93,1.92,1.9,1.87,1.77,1.67,0.46
1.91,1.93,1.97,2.0,2.01,1.99,1.97,1.95,1.92,1.88,1.85,1.82,1.79,1.77,1.74,1.72,1.71,1.7,1.69,1.69,1.69,1.7,1.71,1.72,1.73,1.74,1.75,1.76,1.78,1.79,1.81,1.82,1.83,1.84,1.85,1.85,1.85,1.86,1.87,1.88,1.88,1.89,1.9,1.91,1.92,1.92,1.93,1.94,1.95,1.96,1.97,1.98,1.99,2.0,2.01,2.02,2.03,2.04,2.05,2.06,2.07,2.08,2.08,2.09,2.1,2.11,2.11,2.1,2.12,2.05,2.04,2.08,2.06,2.02,1.99,1.98,1.96,1.88,1.72,1.04
1.9,1.91,1.94,1.97,1.98,1.96,1.94,1.92,1.89,1.85,1.83,1.81,1.79,1.77,1.74,1.72,1.7,1.7,1.7,1.7,1.7,1.71,1.72,1.73,1.74,1.75,1.76,1.77,1.79,1.81,1.82,1.84,1.85,1.86,1.87,1.87,1.87,1.88,1.88,1.89,1.9,1.9,1.91,1.92,1.93,1.94,1.95,1.95,1.96,1.97,1.98,1.99,2.0,2.01,2.02,2.03,2.04,2.05,2.06,2.07,2.08,2.08,2.09,2.1,2.11,2.12,2.13,2.14,2.14,2.15,2.15,2.13,2.06,2.04,2.04,2.06,2.04,1.96,1.84,1.13
1.89,1.88,1.9,1.92,1.93,1.92,1.9,1.88,1.85,1.83,1.81,1.8,1.78,1.76,1.74,1.72,1.71,1.71,1.71,1.71,1.71,1.72,1.73,1.74,1.75,1.76,1.77,1.79,1.8,1.82,1.84,1.85,1.86,1.88,1.89,1.89,1.9,1.9,1.9,1.9,1.91,1.92,1.93,1.93,1.94,1.95,1.96,1.97,1.98,1.99,2.0,2.01,2.02,2.03,2.04,2.05,2.06,2.07,2.08,2.08,2.09,2.1,2.11,2.12,2.12,2.13,2.14,2.15,2.16,2.18,2.19,2.19,2.2,2.21,2.21,2.21,2.17,2.08,2.0,1.19
1.89,1.87,1.87,1.88,1.88,1.87,1.86,1.85,1.83,1.82,1.8,1.79,1.78,1.77,1.75,1.74,1.73,1.72,1.72,1.72,1.72,1.73,1.74,1.75,1.76,1.77,1.79,1.8,1.82,1.83,1.84,1.86,1.87,1.89,1.9,1.91,1.92,1.92,1.92,1.92,1.93,1.94,1.94,1.95,1.96,1.97,1.98,1.99,2.0,2.01,2.02,2.03,2.04,2.05,2.06,2.07,2.09,2.1,2.1,2.11,2.12,2.13,2.13,2.14,2.15,2.16,2.16,2.17,2.18,2.2,2.21,2.23,2.24,2.25,2.26,2.27,2.28,2.26,2.17,1.97
1.9,1.89,1.87,1.86,1.86,1.85,1.84,1.83,1.82,1.81,1.8,1.8,1.79,1.78,1.77,1.75,1.74,1.74,1.73,1.74,1.74,1.74,1.75,1.76,1.77,1.79,1.8,1.81,1.83,1.84,1.85,1.86,1.88,1.89,1.91,1.92,1.93,1.94,1.94,1.95,1.95,1.96,1.97,1.97,1.98,1.99,2.0,2.01,2.02,2.03,2.04,2.05,2.06,2.08,2.09,2.11,2.12,2.13,2.15,2.16,2.16,2.17,2.17,2.18,2.19,2.19,2.2,2.21,2.22,2.23,2.24,2.25,2.26,2.27,2.29,2.3,2.32,2.33,2.3,2.25
1.93,1.91,1.9,1.88,1.87,1.86,1.85,1.84,1.83,1.82,1.81,1.8,1.8,1.79,1.78,1.76,1.76,1.75,1.75,1.75,1.75,1.76,1.76,1.77,1.79,1.81,1.82,1.82,1.83,1.85,1.86,1.87,1.88,1.9,1.91,1.93,1.94,1.95,1.96,1.97,1.97,1.98,1.99,2.0,2.01,2.02,2.03,2.04,2.05,2.06,2.07,2.08,2.1,2.11,2.13,2.14,2.16,2.18,2.19,2.21,2.21,2.22,2.22,2.23,2.24,2.24,2.25,2.25,2.26,2.26,2.27,2.28,2.29,2.31,2.32,2.33,2.34,2.35,2.37,2.35
1.95,1.94,1.92,1.91,1.89,1.88,1.87,1.86,1.85,1.84,1.82,1.81,1.81,1.8,1.79,1.78,1.77,1.77,1.77,1.77,1.77,1.77,1.78,1.79,1.8,1.82,1.82,1.83,1.84,1.85,1.86,1.88,1.89,1.91,1.92,1.93,1.94,1.96,1.97,1.98,1.99,2.0,2.01,2.02,2.04,2.05,2.06,2.07,2.08,2.09,2.11,2.12,2.14,2.15,2.17,2.18,2.2,2.22,2.24,2.25,2.27,2.27,2.28,2.29,2.29,2.29,2.3,2.3,2.31,2.31,2.32,2.33,2.34,2.35,2.35,2.36,2.37,2.38,2.39,2.4
1.99,1.97,1.95,1.94,1.92,1.91,1.9,1.88,1.87,1.86,1.85,1.84,1.83,1.82,1.81,1.8,1.8,1.79,1.79,1.79,1.79,1.79,1.8,1.8,1.82,1.82,1.83,1.84,1.85,1.86,1.87,1.89,1.9,1.91,1.92,1.94,1.95,1.96,1.97,1.99,2.0,2.01,2.02,2.04,2.05,2.07,2.08,2.1,2.11,2.13,2.14,2.16,2.17,2.19,2.2,2.22,2.24,2.26,2.28,2.3,2.31,2.32,2.33,2.34,2.35,2.35,2.36,2.36,2.37,2.38,2.38,2.38,2.39,2.39,2.4,2.4,2.4,2.41,2.42,2.42
2.02,2.0,1.98,1.97,1.95,1.94,1.93,1.91,1.9,1.89,1.88,1.87,1.85,1.84,1.84,1.83,1.82,1.82,1.81,1.81,1.81,1.81,1.81,1.82,1.83,1.84,1.85,1.85,1.86,1.87,1.88,1.9,1.91,1.92,1.93,1.94,1.96,1.97,1.98,1.99,2.01,2.02,2.03,2.05,2.06,2.08,2.1,2.11,2.13,2.15,2.17,2.18,2.2,2.22,2.23,2.25,2.27,2.29,2.31,2.33,2.35,2.36,2.38,2.38,2.39,2.4,2.41,2.42,2.42,2.44,2.44,2.44,2.45,2.45,2.45,2.44,2.44,2.45,2.45,2.45
2.06,2.04,2.02,2.0,1.99,1.97,1.96,1.94,1.93,1.92,1.91,1.89,1.88,1.87,1.86,1.86,1.85,1.84,1.84,1.83,1.83,1.83,1.84,1.84,1.85,1.85,1.86,1.87,1.88,1.89,1.9,1.91,1.92,1.93,1.94,1.95,1.97,1.98,1.99,2.01,2.02,2.03,2.04,2.06,2.07,2.09,2.11,2.12,2.14,2.16,2.18,2.2,2.22,2.23,2.25,2.27,2.29,2.31,2.33,2.35,2.36,2.38,2.39,2.41,2.42,2.43,2.45,2.46,2.47,2.48,2.49,2.5,2.5,2.5,2.5,2.49,2.49,2.49,2.49,2.49
2.09,2.07,2.05,2.04,2.02,2.0,1.99,1.97,1.96,1.95,1.94,1.92,1.91,1.9,1.89,1.89,1.88,1.87,1.87,1.86,1.86,1.86,1.86,1.86,1.87,1.87,1.88,1.89,1.89,1.9,1.91,1.92,1.93,1.94,1.95,1.97,1.98,1.99,2.01,2.02,2.03,2.04,2.06,2.07,2.08,2.1,2.12,2.13,2.15,2.17,2.19,2.21,2.22,2.24,2.26,2.28,2.3,2.32,2.33,2.35,2.37,2.39,2.4,2.42,2.43,2.45,2.47,2.49,2.5,2.51,2.53,2.54,2.54,2.55,2.55,2.54,2.54,2.54,2.54,2.54
2.13,2.11,2.09,2.07,2.05,2.04,2.02,2.0,1.99,1.98,1.96,1.95,1.94,1.93,1.92,1.92,1.91,1.9,1.89,1.89,1.88,1.88,1.88,1.88,1.89,1.89,1.9,1.9,1.91,1.92,1.93,1.94,1.95,1.96,1.97,1.98,2.0,2.01,2.02,2.03,2.05,2.06,2.07,2.08,2.1,2.11,2.13,2.14,2.16,2.18,2.2,2.21,2.23,2.25,2.27,2.28,2.3,2.32,2.34,2.35,2.37,2.39,2.41,2.42,2.44,2.46,2.48,2.5,2.51,2.53,2.55,2.56,2.58,2.58,2.59,2.59,2.59,2.59,2.59,2.59
2.17,2.14,2.12,2.11,2.09,2.07,2.05,2.04,2.02,2.01,1.99,1.98,1.97,1.96,1.95,1.95,1.94,1.93,1.92,1.92,1.91,1.91,1.91,1.91,1.91,1.92,1.92,1.93,1.93,1.94,1.95,1.96,1.97,1.98,1.99,2.0,2.02,2.03,2.04,2.05,2.07,2.08,2.09,2.1,2.12,2.13,2.14,2.16,2.17,2.19,2.21,2.22,2.24,2.26,2.27,2.29,2.31,2.32,2.34,2.36,2.38,2.39,2.41,2.43,2.45,2.47,2.48,2.5,2.52,2.54,2.56,2.58,2.6,2.61,2.62,2.62,2.62,2.62,2.63,2.64
2.2,2.18,2.16,2.14,2.12,2.1,2.08,2.07,2.05,2.04,2.02,2.01,2.0,1.99,1.98,1.98,1.97,1.96,1.95,1.95,1.94,1.94,1.94,1.94,1.94,1.94,1.95,1.95,1.96,1.96,1.97,1.98,1.99,2.0,2.01,2.03,2.04,2.05,2.06,2.08,2.09,2.1,2.11,2.12,2.13,2.15,2.16,2.18,2.19,2.21,2.22,2.24,2.25,2.27,2.28,2.3,2.32,2.34,2.35,2.37,2.39,2.41,2.42,2.44,2.46,2.48,2.49,2.51,2.53,2.55,2.57,2.59,2.61,2.63,2.64,2.65,2.65,2.66,2.67,2.68
2.23,2.21,2.19,2.17,2.15,2.13,2.12,2.1,2.08,2.07,2.05,2.04,2.03,2.02,2.01,2.0,2.0,1.99,1.98,1.98,1.97,1.97,1.97,1.97,1.97,1.97,1.97,1.98,1.98,1.99,1.99,2.0,2.01,2.02,2.04,2.05,2.06,2.07,2.09,2.1,2.11,2.12,2.13,2.14,2.16,2.17,2.18,2.2,2.21,2.22,2.24,2.25,2.27,2.28,2.3,2.31,2.33,2.35,2.37,2.39,2.41,2.43,2.44,2.46,2.48,2.49,2.51,2.53,2.54,2.56,2.58,2.6,2.62,2.64,2.66,2.68,2.69,2.7,2.71,2.72
2.27,2.24,2.22,2.2,2.19,2.17,2.15,2.13,2.12,2.1,2.09,2.07,2.06,2.05,2.04,2.03,2.03,2.02,2.01,2.01,2.0,2.0,2.0,2.0,2.0,2.0,2.0,2.0,2.01,2.01,2.02,2.03,2.04,2.05,2.06,2.07,2.08,2.09,2.11,2.12,2.13,2.14,2.15,2.17,2.18,2.19,2.2,2.22,2.23,2.24,2.26,2.27,2.29,2.3,2.32,2.33,2.35,2.37,2.39,2.41,2.43,2.45,2.47,2.48,2.5,2.52,2.53,2.55,2.56,2.58,2.6,2.62,2.64,2.66,2.68,2.7,2.71,2.73,2.74,2.76
2.3,2.28,2.26,2.24,2.22,2.2,2.18,2.16,2.15,2.13,2.12,2.1,2.09,2.08,2.07,2.06,2.05,2.05,2.04,2.04,2.03,2.03,2.03,2.03,2.02,2.02,2.03,2.03,2.03,2.04,2.04,2.05,2.06,2.07,2.08,2.09,2.1,2.12,2.13,2.14,2.15,2.16,2.18,2.19,2.2,2.21,2.23,2.24,2.25,2.26,2.28,2.29,2.3,2.32,2.33,2.35,2.37,2.39,2.41,2.43,2.45,2.47,2.49,2.51,2.53,2.55,2.56,2.57,2.59,2.61,2.63,2.65,2.67,2.69,2.7,2.72,2.73,2.75,2.77,2.79
2.33,2.31,2.29,2.27,2.25,2.23,2.22,2.2,2.18,2.16,2.15,2.14,2.12,2.11,2.1,2.09,2.08,2.07,2.07,2.06,2.06,2.06,2.05,2.05,2.05,2.05,2.05,2.05,2.06,2.06,2.07,2.07,2.08,2.09,2.1,2.11,2.12,2.14,2.15,2.16,2.17,2.19,2.2,2.21,2.22,2.23,2.25,2.26,2.27,2.28,2.3,2.31,2.32,2.34,2.35,2.37,2.39,2.41,2.43,2.45,2.47,2.49,2.51,2.53,2.55,2.57,2.58,2.6,2.62,2.64,2.66,2.68,2.7,2.72,2.74,2.76,2.77,2.77,2.79,2.8
2.36,2.34,2.32,2.3,2.29,2.27,2.25,2.23,2.21,2.2,2.18,2.17,2.15,2.14,2.13,2.12,2.11,2.1,2.1,2.09,2.09,2.08,2.08,2.08,2.08,2.08,2.08,2.08,2.08,2.08,2.09,2.1,2.1,2.11,2.12,2.13,2.14,2.15,2.17,2.18,2.19,2.21,2.22,2.23,2.24,2.26,2.27,2.28,2.29,2.3,2.32,2.33,2.34,2.36,2.37,2.39,2.41,2.43,2.45,2.47,2.5,2.52,2.54,2.56,2.58,2.59,2.61,2.63,2.65,2.67,2.69,2.71,2.73,2.75,2.77,2.79,2.8,2.81,2.82,2.83
2.43,2.4,2.37,2.35,2.32,2.3,2.28,2.26,2.25,2.23,2.21,2.2,2.18,2.17,2.16,2.15,2.14,2.13,2.13,2.12,2.12,2.11,2.11,2.1,2.1,2.1,2.1,2.1,2.11,2.11,2.11,2.12,2.13,2.13,2.14,2.15,2.16,2.17,2.19,2.2,2.21,2.23,2.24,2.25,2.27,2.28,2.29,2.3,2.32,2.33,2.34,2.35,2.37,2.38,2.4,2.42,2.44,2.46,2.48,2.5,2.52,2.55,2.57,2.59,2.6,2.62,2.63,2.65,2.67,2.69,2.71,2.73,2.75,2.77,2.79,2.82,2.84,2.85,2.86,2.87
2.48,2.45,2.42,2.39,2.36,2.34,2.32,2.3,2.28,2.26,2.25,2.23,2.22,2.2,2.19,2.18,2.17,2.16,2.15,2.15,2.14,2.14,2.13,2.13,2.13,2.13,2.13,2.13,2.13,2.14,2.14,2.15,2.15,2.16,2.17,2.18,2.19,2.2,2.21,2.22,2.24,2.25,2.26,2.28,2.29,2.3,2.32,2.33,2.34,2.36,2.37,2.38,2.4,2.41,2.43,2.45,2.47,2.49,2.51,2.53,2.55,2.57,2.59,2.61,2.63,2.65,2.66,2.68,2.7,2.72,2.74,2.76,2.77,2.8,2.82,2.85,2.87,2.89,2.9,2.92
2.52,2.49,2.46,2.43,2.4,2.38,2.35,2.33,2.31,2.3,2.28,2.26,2.25,2.23,2.22,2.21,2.2,2.19,2.18,2.18,2.17,2.17,2.16,2.16,2.16,2.16,2.16,2.16,2.17,2.17,2.17,2.18,2.18,2.19,2.2,2.2,2.21,2.23,2.24,2.25,2.27,2.28,2.29,2.31,2.32,2.33,2.35,2.36,2.37,2.39,2.4,2.42,2.43,2.45,2.46,2.48,2.5,2.52,2.54,2.56,2.58,2.6,2.62,2.64,2.65,2.67,2.69,2.71,2.73,2.75,2.77,2.79,2.81,2.83,2.86,2.89,2.91,2.93,2.96,2.98
2.55,2.53,2.5,2.47,2.44,2.42,2.39,2.37,2.35,2.33,2.31,2.3,2.28,2.27,2.25,2.24,2.23,2.22,2.22,2.21,2.2,2.2,2.2,2.2,2.19,2.2,2.2,2.2,2.2,2.2,2.21,2.21,2.22,2.22,2.23,2.24,2.25,2.26,2.27,2.29,2.3,2.31,2.33,2.34,2.35,2.37,2.38,2.39,2.41,2.42,2.44,2.45,2.47,2.48,2.5,2.52,2.54,2.55,2.57,2.59,2.61,2.63,2.64,2.66,2.68,2.7,2.71,2.73,2.75,2.77,2.79,2.81,2.84,2.87,2.9,2.93,2.96,2.99,3.02,3.05
2.59,2.57,2.54,2.52,2.49,2.46,2.43,2.41,2.39,2.37,2.35,2.33,2.32,2.3,2.29,2.28,2.27,2.26,2.25,2.25,2.24,2.24,2.23,2.23,2.23,2.23,2.23,2.24,2.24,2.24,2.25,2.25,2.26,2.26,2.27,2.28,2.29,2.3,2.31,2.33,2.34,2.35,2.37,2.38,2.4,2.41,2.42,2.44,2.45,2.47,2.48,2.49,2.51,2.52,2.54,2.56,2.57,2.59,2.6,2.62,2.64,2.66,2.67,2.69,2.71,2.72,2.74,2.76,2.78,2.79,2.82,2.84,2.87,2.91,2.94,2.98,3.01,3.04,3.08,3.12
2.63,2.6,2.58,2.56,2.53,2.51,2.48,2.45,2.43,2.41,2.39,2.37,2.35,2.34,2.33,2.32,2.31,2.3,2.29,2.29,2.28,2.28,2.28,2.27,2.27,2.28,2.28,2.28,2.28,2.29,2.29,2.3,2.31,2.31,2.32,2.33,2.34,2.35,2.37,2.38,2.39,2.41,2.42,2.43,2.45,2.46,2.48,2.49,2.51,2.52,2.53,2.54,2.56,2.57,2.59,2.6,2.61,2.63,2.64,2.66,2.67,2.69,2.71,2.73,2.74,2.76,2.78,2.8,2.82,2.84,2.87,2.89,2.92,2.96,2.99,3.03,3.06,3.1,3.14,3.18
2.66,2.63,2.61,2.59,2.57,2.55,2.53,2.5,2.48,2.46,2.43,2.42,2.4,2.39,2.37,2.36,2.35,2.34,2.34,2.33,2.33,2.32,2.32,2.32,2.32,2.32,2.33,2.33,2.34,2.34,2.35,2.35,2.36,2.37,2.38,2.39,2.4,2.42,2.43,2.44,2.45,2.47,2.48,2.5,2.51,2.53,2.54,2.56,2.57,2.58,2.6,2.61,2.62,2.63,2.64,2.65,2.67,2.68,2.69,2.7,2.72,2.73,2.75,2.77,2.79,2.81,2.84,2.86,2.88,2.91,2.93,2.96,2.99,3.02,3.05,3.09,3.13,3.16,3.2,3.25
2.68,2.66,2.65,2.63,2.61,2.59,2.56,2.54,2.53,2.5,2.48,2.47,2.45,2.44,2.42,2.41,2.4,2.39,2.39,2.38,2.38,2.38,2.37,2.37,2.38,2.38,2.38,2.39,2.39,2.4,2.41,2.42,2.43,2.44,2.45,2.46,2.47,2.49,2.5,2.51,2.53,2.54,2.56,2.58,2.59,2.61,2.62,2.64,2.65,2.67,2.68,2.69,2.71,2.72,2.72,2.73,2.74,2.75,2.76,2.77,2.78,2.8,2.81,2.83,2.85,2.87,2.89,2.92,2.94,2.97,3.0,3.02,3.05,3.08,3.12,3.15,3.19,3.23,3.27,3.31
2.71,2.69,2.68,2.66,2.65,2.62,2.6,2.58,2.56,2.55,2.53,2.51,2.5,2.48,2.47,2.46,2.45,2.44,2.44,2.43,2.43,2.43,2.43,2.43,2.43,2.44,2.44,2.45,2.46,2.47,2.47,2.48,2.5,2.51,2.52,2.53,2.55,2.56,2.58,2.6,2.61,2.63,2.65,2.66,2.68,2.7,2.72,2.74,2.76,2.77,2.79,2.8,2.81,2.82,2.83,2.84,2.85,2.85,2.86,2.87,2.88,2.89,2.9,2.91,2.93,2.94,2.96,2.99,3.01,3.03,3.06,3.09,3.12,3.15,3.19,3.23,3.26,3.3,3.34,3.38
2.73,2.72,2.71,2.69,2.67,2.65,2.63,2.61,2.6,2.58,2.57,2.56,2.54,2.53,2.52,2.51,2.5,2.49,2.49,2.49,2.49,2.49,2.49,2.49,2.5,2.5,2.51,2.52,2.53,2.54,2.55,2.56,2.57,2.58,2.6,2.62,2.63,2.65,2.67,2.69,2.71,2.73,2.75,2.77,2.79,2.81,2.84,2.86,2.88,2.9,2.91,2.93,2.94,2.95,2.96,2.97,2.98,2.98,2.98,2.99,3.0,3.0,3.01,3.02,3.03,3.05,3.06,3.08,3.11,3.13,3.16,3.18,3.22,3.25,3.29,3.32,3.36,3.39,3.43,3.46
2.76,2.75,2.73,2.72,2.7,2.68,2.67,2.66,2.63,2.62,2.61,2.6,2.59,2.58,2.57,2.56,2.56,2.55,2.55,2.55,2.55,2.55,2.55,2.56,2.56,2.57,2.58,2.59,2.6,2.61,2.62,2.64,2.65,2.67,2.69,2.71,2.73,2.75,2.77,2.79,2.82,2.84,2.87,2.89,2.92,2.94,2.97,2.99,3.01,3.03,3.05,3.07,3.08,3.09,3.1,3.11,3.12,3.12,3.13,3.13,3.14,3.14,3.15,3.16,3.17,3.18,3.2,3.21,3.23,3.25,3.28,3.31,3.34,3.38,3.41,3.45,3.48,3.52,3.55,3.58
2.79,2.78,2.76,2.75,2.73,2.72,2.71,2.7,2.69,2.67,2.66,2.65,2.63,2.62,2.62,2.61,2.61,2.61,2.61,2.61,2.61,2.61,2.62,2.62,2.63,2.64,2.65,2.66,2.67,2.69,2.7,2.72,2.74,2.76,2.78,2.81,2.83,2.86,2.88,2.91,2.94,2.97,2.99,3.02,3.05,3.07,3.1,3.12,3.15,3.17,3.19,3.21,3.22,3.24,3.25,3.26,3.27,3.28,3.29,3.29,3.3,3.3,3.31,3.31,3.32,3.33,3.35,3.36,3.38,3.4,3.43,3.45,3.48,3.52,3.55,3.58,3.62,3.65,3.69,3.72
2.82,2.81,2.8,2.78,2.77,2.77,2.76,2.75,2.74,2.72,2.71,2.7,2.69,2.68,2.67,2.67,2.67,2.66,2.67,2.67,2.67,2.68,2.69,2.69,2.7,2.71,2.72,2.73,2.75,2.77,2.79,2.81,2.83,2.86,2.88,2.91,2.94,2.97,3.0,3.03,3.06,3.09,3.11,3.15,3.17,3.2,3.23,3.25,3.28,3.3,3.32,3.34,3.36,3.38,3.4,3.41,3.43,3.44,3.45,3.45,3.46,3.47,3.48,3.48,3.49,3.5,3.52,3.53,3.55,3.56,3.58,3.61,3.63,3.66,3.7,3.73,3.76,3.8,3.83,3.85
2.85,2.84,2.83,2.83,2.82,2.82,2.81,2.8,2.79,2.78,2.77,2.76,2.75,2.74,2.74,2.73,2.72,2.72,2.73,2.73,2.74,2.74,2.75,2.76,2.77,2.78,2.79,2.81,2.82,2.85,2.87,2.89,2.92,2.95,2.98,3.01,3.04,3.08,3.11,3.14,3.17,3.21,3.24,3.27,3.3,3.32,3.35,3.38,3.4,3.43,3.45,3.47,3.5,3.52,3.54,3.56,3.58,3.6,3.61,3.62,3.64,3.65,3.66,3.67,3.68,3.69,3.7,3.71,3.73,3.74,3.76,3.78,3.8,3.83,3.86,3.88,3.91,3.94,3.96,3.98
2.89,2.88,2.87,2.87,2.86,2.86,2.85,2.85,2.84,2.83,2.82,2.82,2.81,2.81,2.8,2.79,2.79,2.79,2.79,2.79,2.79,2.8,2.81,2.82,2.83,2.85,2.86,2.88,2.9,2.92,2.95,2.98,3.01,3.04,3.07,3.11,3.15,3.18,3.21,3.25,3.28,3.32,3.35,3.38,3.41,3.44,3.46,3.49,3.52,3.55,3.58,3.6,3.63,3.66,3.68,3.7,3.73,3.75,3.77,3.79,3.81,3.82,3.84,3.85,3.87,3.88,3.89,3.9,3.91,3.93,3.94,3.96,3.98,4.01,4.03,4.05,4.08,4.09,4.11,4.12
