data/auswave_pop_flds_combined.json
{"header": { "discipline": 10, "disciplineName": "Oceanographic products", "gribEdition": 2, "gribLength": 52546, "center": 1, "centerName": "Melbourne(WMC)", "subcenter": 0, "refTime": "2017-08-29T12:00:00.000Z", "significanceOfRT": 1, "significanceOfRTName": "Start of forecast", "productStatus": 0, "productStatusName": "Operational products", "productType": 255, "productTypeName": "GRID data", "productDefinitionTemplate": 0, "productDefinitionTemplateName": "Analysis/forecast at horizontal level/layer at a point in time", "parameterCategory": 0, "parameterCategoryName": "Waves", "parameterNumber": 10, "parameterNumberName": "Primary_wave_direction", "parameterUnit": "degrees", "genProcessType": 0, "genProcessTypeName": "Analysis", "forecastTime": 0, "surface1Type": 1, "surface1TypeName": "Ground or water surface", "surface1Value": 1.0, "surface2Type": 255, "surface2TypeName": "Missing", "surface2Value": -9.999E-252, "gridDefinitionTemplate": 0, "gridDefinitionTemplateName": "Latitude_Longitude", "numberPoints": 52461, "shape": 6, "shapeName": "Earth spherical with radius of 6,371,229.0 m", "gridUnits": "degrees", "resolution": 48, "winds": "true", "scanMode": 0, "nx": 261, "ny": 201, "basicAngle": 0, "lo1": 100.0, "la1": 0.0, "lo2": 165.0, "la2": -50.0, "dx": 0.25, "dy": 0.25 }, "data":
[rows 132 to 164 of 201, columns 0 to 74 of 261]
236.47,236.45,236.4,236.34,236.27,236.17,236.06,235.93,235.78,235.62,235.45,235.25,235.05,234.83,234.61,234.38,234.14,233.89,233.64,233.37,233.1,232.82,232.52,232.2,231.87,231.5,236.66,236.6,236.53,236.44,236.36,236.26,236.15,236.03,235.9,235.75,235.59,235.41,235.22,235.01,234.8,234.58,234.35,234.09,233.79,233.43,233.02,232.56,232.04,231.47,230.84,230.17,229.47,228.74,227.99,236.25,236.12,236.0,235.79,246.53,259.97,263.18,264.37,270.37,"NaN","NaN","NaN","NaN","NaN","NaN","NaN","NaN","NaN","NaN","NaN"
236.76,236.73,236.69,236.64,236.57,236.49,236.39,236.27,236.14,236.0,235.84,235.66,235.46,235.26,235.04,234.81,234.57,234.33,234.07,233.81,233.53,233.25,232.95,232.64,232.31,231.96,231.57,236.76,236.68,236.6,236.51,236.42,236.31,236.19,236.06,235.91,235.74,235.57,235.38,235.17,234.95,234.73,234.51,234.28,234.0,233.67,233.28,232.85,232.36,231.82,231.23,230.59,229.92,229.21,228.48,227.73,236.13,236.0,235.75,248.77,257.67,262.07,269.45,276.53,"NaN","NaN","NaN","NaN","NaN","NaN","NaN","NaN","NaN","NaN","NaN"
237.0,236.97,236.94,236.89,236.83,236.76,236.67,236.57,236.45,236.32,236.18,236.02,235.84,235.65,235.44,235.21,234.98,234.74,234.48,234.22,233.94,233.65,233.36,233.05,232.72,232.37,231.99,231.59,236.82,236.74,236.65,236.55,236.45,236.33,236.2,236.05,235.88,235.7,235.5,235.3,235.08,234.86,234.63,234.41,234.15,233.84,233.48,233.08,232.62,232.11,231.55,230.95,230.3,229.62,228.91,228.18,227.46,235.99,235.88,248.34,258.57,267.85,280.6,"NaN","NaN","NaN","NaN","NaN","NaN","NaN","NaN","NaN","NaN","NaN","NaN"
237.21,237.19,237.16,237.12,237.07,237.01,236.93,236.84,236.73,236.61,236.48,236.33,236.17,235.99,235.79,235.58,235.36,235.12,234.86,234.6,234.32,234.03,233.73,233.43,233.11,232.76,232.39,231.98,231.54,236.87,236.77,236.67,236.57,236.45,236.32,236.17,236.0,235.81,235.61,235.41,235.19,234.96,234.74,234.51,234.25,233.96,233.63,233.24,232.81,232.33,231.81,231.24,230.62,229.97,229.3,228.6,227.9,227.12,235.88,246.05,259.83,"NaN","NaN","NaN","NaN","NaN","NaN","NaN","NaN","NaN","NaN","NaN","NaN","NaN","NaN"
237.41,237.4,237.38,237.34,237.3,237.24,237.17,237.09,236.99,236.88,236.76,236.62,236.47,236.3,236.11,235.91,235.7,235.47,235.22,234.96,234.68,234.39,234.09,233.78,233.46,233.12,232.75,232.35,231.91,231.44,236.88,236.78,236.67,236.55,236.42,236.27,236.1,235.92,235.71,235.5,235.27,235.04,234.81,234.59,234.34,234.06,233.73,233.36,232.96,232.51,232.01,231.47,230.89,230.28,229.64,228.98,228.3,227.62,226.7,243.64,251.11,"NaN","NaN","NaN","NaN","NaN","NaN","NaN","NaN","NaN","NaN","NaN","NaN","NaN","NaN"
237.59,237.59,237.57,237.55,237.51,237.46,237.39,237.32,237.23,237.13,237.01,236.88,236.74,236.58,236.4,236.21,236.0,235.77,235.54,235.29,235.01,234.72,234.42,234.11,233.78,233.45,233.08,232.68,232.25,231.78,231.27,236.86,236.75,236.64,236.51,236.36,236.19,236.01,235.8,235.58,235.35,235.11,234.88,234.65,234.4,234.13,233.81,233.45,233.07,232.64,232.18,231.67,231.12,230.54,229.94,229.32,228.68,228.08,227.02,232.06,240.39,225.31,203.02,"NaN","NaN","NaN","NaN","NaN","NaN","NaN","NaN","NaN","NaN","NaN","NaN"
237.75,237.76,237.75,237.73,237.7,237.66,237.6,237.54,237.45,237.36,237.25,237.13,236.99,236.84,236.67,236.48,236.28,236.06,235.82,235.58,235.31,235.04,234.73,234.41,234.09,233.75,233.38,232.99,232.55,232.09,231.59,231.06,236.81,236.7,236.57,236.43,236.27,236.08,235.87,235.65,235.41,235.17,234.94,234.7,234.45,234.18,233.87,233.53,233.16,232.75,232.31,231.83,231.32,230.78,230.21,229.63,229.03,228.47,227.59,228.91,226.97,223.79,214.24,211.19,"NaN","NaN","NaN","NaN","NaN","NaN","NaN","NaN","NaN","NaN","NaN"
237.88,237.9,237.9,237.9,237.87,237.84,237.79,237.73,237.66,237.57,237.47,237.35,237.22,237.08,236.92,236.74,236.54,236.33,236.09,235.84,235.58,235.31,235.02,234.7,234.37,234.03,233.66,233.27,232.84,232.37,231.87,231.35,230.79,236.73,236.61,236.48,236.32,236.14,235.94,235.71,235.47,235.23,234.99,234.76,234.51,234.23,233.93,233.6,233.24,232.86,232.44,231.99,231.51,231.0,230.47,229.93,229.38,228.82,228.3,227.69,224.69,220.24,215.07,211.06,206.22,"NaN","NaN","NaN","NaN","NaN","NaN","NaN","NaN","NaN",173.93
237.99,238.02,238.03,238.04,238.02,238.0,237.96,237.91,237.84,237.76,237.66,237.55,237.43,237.29,237.14,236.97,236.78,236.57,236.34,236.1,235.83,235.55,235.26,234.95,234.62,234.28,233.92,233.53,233.1,232.64,232.14,231.61,231.06,230.48,236.63,236.51,236.36,236.19,235.99,235.77,235.53,235.28,235.05,234.81,234.56,234.29,233.99,233.67,233.33,232.96,232.57,232.14,231.69,231.22,230.73,230.23,229.72,229.21,228.71,228.2,227.87,227.41,226.47,217.05,206.73,201.85,197.02,194.57,193.2,193.55,189.5,188.35,184.71,182.11,195.13
238.07,238.11,238.14,238.15,238.15,238.13,238.1,238.06,238.0,237.92,237.83,237.73,237.61,237.48,237.33,237.16,236.98,236.78,236.56,236.32,236.06,235.78,235.49,235.18,234.85,234.51,234.16,233.78,233.35,232.89,232.39,231.86,231.31,230.74,230.16,236.51,236.38,236.22,236.03,235.82,235.58,235.34,235.11,234.87,234.63,234.36,234.07,233.76,233.43,233.08,232.71,232.31,231.89,231.45,231.0,230.53,230.06,229.6,229.15,228.7,228.26,227.86,227.5,227.37,227.08,223.76,203.59,200.4,200.65,207.18,202.94,203.11,201.14,199.07,228.9
238.12,238.17,238.21,238.23,238.24,238.23,238.21,238.18,238.13,238.06,237.98,237.88,237.76,237.64,237.49,237.33,237.16,236.96,236.75,236.52,236.26,235.99,235.7,235.39,235.06,234.72,234.37,234.0,233.58,233.13,232.63,232.11,231.56,230.99,230.41,229.82,236.38,236.23,236.06,235.86,235.64,235.4,235.17,234.94,234.7,234.44,234.16,233.87,233.55,233.22,232.87,232.5,232.11,231.7,231.28,230.86,230.43,230.01,229.59,229.2,228.81,228.45,228.11,227.79,227.52,227.44,235.15,235.04,234.84,234.63,234.44,234.24,234.06,233.86,233.65
238.13,238.19,238.24,238.28,238.3,238.3,238.29,238.27,238.23,238.17,238.09,238.0,237.89,237.77,237.63,237.48,237.31,237.12,236.91,236.69,236.44,236.16,235.87,235.57,235.25,234.91,234.57,234.2,233.79,233.35,232.87,232.35,231.81,231.25,230.67,230.09,229.51,236.24,236.08,235.9,235.69,235.46,235.24,235.02,234.79,234.54,234.28,234.0,233.7,233.39,233.06,232.72,232.35,231.98,231.59,231.2,230.81,230.43,230.06,229.7,229.36,229.04,228.74,228.46,228.2,227.97,227.8,235.11,234.98,234.85,234.71,234.57,234.42,234.27,234.11
238.1,238.17,238.23,238.28,238.31,238.33,238.33,238.32,238.29,238.24,238.18,238.09,237.99,237.88,237.74,237.59,237.43,237.25,237.05,236.83,236.59,236.32,236.03,235.73,235.41,235.08,234.74,234.38,233.99,233.56,233.09,232.59,232.07,231.52,230.95,230.37,229.8,229.23,236.09,235.93,235.73,235.52,235.32,235.11,234.9,234.66,234.41,234.15,233.87,233.58,233.28,232.96,232.63,232.28,231.93,231.58,231.22,230.87,230.54,230.22,229.92,229.63,229.36,229.11,228.88,228.67,228.49,228.33,228.2,235.09,234.96,234.82,234.68,234.53,234.38
237.41,238.11,238.18,238.24,238.29,238.32,238.33,238.33,238.31,238.28,238.22,238.15,238.06,237.95,237.83,237.68,237.52,237.35,237.16,236.95,236.71,236.45,236.17,235.87,235.56,235.23,234.9,234.55,234.18,233.76,233.31,232.83,232.33,231.8,231.25,230.68,230.12,229.56,229.02,228.5,235.78,235.59,235.4,235.21,235.02,234.8,234.57,234.33,234.07,233.8,233.52,233.23,232.93,232.62,232.3,231.97,231.65,231.34,231.03,230.74,230.47,230.22,229.98,229.76,229.55,229.36,229.18,229.02,228.88,228.77,235.19,235.07,234.94,234.8,234.66
237.48,237.4,237.32,238.16,238.21,238.26,238.28,238.3,238.29,238.27,238.23,238.17,238.09,237.99,237.88,237.74,237.59,237.42,237.24,237.04,236.82,236.57,236.3,236.0,235.69,235.37,235.04,234.71,234.35,233.96,233.53,233.07,232.59,232.08,231.56,231.02,230.47,229.94,229.4,228.9,228.42,235.66,235.5,235.33,235.15,234.96,234.75,234.53,234.29,234.04,233.79,233.52,233.25,232.97,232.68,232.39,232.1,231.81,231.53,231.27,231.03,230.8,230.59,230.39,230.21,230.03,229.86,229.71,229.57,229.44,229.33,235.31,235.19,235.07,234.94
237.54,237.44,237.35,237.27,238.09,238.16,238.23,238.29,238.33,238.34,238.33,238.28,238.21,238.1,237.97,237.81,237.64,237.47,237.3,237.11,236.9,236.67,236.41,236.12,235.82,235.5,235.19,234.87,234.53,234.15,233.75,233.32,232.86,232.38,231.89,231.38,230.86,230.35,229.84,229.35,228.88,228.45,235.59,235.45,235.29,235.12,234.94,234.74,234.53,234.31,234.08,233.84,233.59,233.34,233.08,232.82,232.55,232.29,232.04,231.8,231.58,231.37,231.18,231.01,230.84,230.67,230.52,230.37,230.23,230.1,229.98,229.87,229.78,235.33,235.2
237.58,237.47,237.37,237.27,237.17,238.14,238.25,238.35,238.42,238.46,238.47,238.44,238.39,238.3,238.17,238.01,237.82,237.61,237.38,237.17,236.96,236.74,236.5,236.23,235.94,235.63,235.33,235.02,234.7,234.35,233.97,233.57,233.14,232.7,232.24,231.76,231.28,230.79,230.31,229.85,229.4,228.98,228.59,235.57,235.44,235.3,235.15,234.97,234.79,234.59,234.38,234.17,233.95,233.72,233.49,233.25,233.02,232.78,232.54,232.32,232.12,231.93,231.75,231.59,231.43,231.28,231.14,230.99,230.85,230.72,230.59,230.48,230.38,230.3,235.46
237.67,237.51,237.37,237.25,237.14,237.04,238.27,238.4,238.49,238.56,238.6,238.6,238.56,238.5,238.4,238.25,238.08,237.86,237.62,237.36,237.1,236.83,236.59,236.34,236.06,235.77,235.47,235.18,234.88,234.55,234.2,233.83,233.43,233.03,232.6,232.16,231.72,231.27,230.83,230.39,229.97,229.57,229.19,228.83,228.52,235.48,235.35,235.21,235.05,234.88,234.7,234.51,234.32,234.11,233.91,233.69,233.47,233.26,233.04,232.83,232.64,232.46,232.29,232.14,232.0,231.86,231.72,231.58,231.43,231.3,231.17,231.05,230.94,230.85,230.77
237.82,237.65,237.47,237.31,237.14,236.99,236.86,238.4,238.53,238.62,238.69,238.72,238.71,238.68,238.61,238.49,238.34,238.15,237.92,237.66,237.37,237.08,236.77,236.46,236.18,235.9,235.62,235.35,235.07,234.77,234.44,234.1,233.74,233.37,232.98,232.59,232.18,231.77,231.36,230.96,230.57,230.2,229.84,229.5,229.18,228.89,235.56,235.44,235.32,235.18,235.02,234.85,234.68,234.5,234.32,234.12,233.93,233.72,233.53,233.33,233.14,232.97,232.81,232.66,232.52,232.39,232.25,232.11,231.97,231.83,231.69,231.57,231.45,231.35,231.27
237.98,237.8,237.61,237.42,237.23,237.04,236.85,238.37,238.52,238.64,238.73,238.8,238.83,238.82,238.78,238.7,238.58,238.42,238.22,237.98,237.71,237.42,237.1,236.76,236.41,236.07,235.78,235.53,235.27,234.99,234.7,234.39,234.06,233.72,233.38,233.02,232.66,232.29,231.92,231.56,231.2,230.85,230.52,230.19,229.88,229.59,229.32,235.72,235.57,235.46,235.33,235.19,235.04,234.88,234.72,234.55,234.36,234.18,233.99,233.8,233.62,233.45,233.29,233.14,233.01,232.87,232.74,232.61,232.46,232.32,232.18,232.04,231.92,231.81,231.72
238.14,237.95,237.75,237.55,237.34,237.13,236.92,236.72,238.46,238.61,238.73,238.82,238.88,238.91,238.91,238.87,238.79,238.66,238.5,238.29,238.05,237.78,237.48,237.15,236.8,236.42,236.05,235.73,235.48,235.23,234.97,234.69,234.4,234.1,233.79,233.47,233.15,232.82,232.49,232.16,231.83,231.51,231.2,230.9,230.61,230.32,230.05,229.79,235.95,235.76,235.63,235.51,235.39,235.25,235.11,234.95,234.79,234.61,234.43,234.25,234.08,233.9,233.74,233.6,233.46,233.33,233.19,233.06,232.91,232.76,232.61,232.47,232.33,232.22,232.12
238.29,238.1,237.89,237.68,237.47,237.24,237.02,236.8,236.59,238.53,238.68,238.8,238.9,238.96,238.99,238.99,238.96,238.87,238.75,238.58,238.38,238.14,237.87,237.57,237.24,236.87,236.48,236.11,235.77,235.49,235.25,235.0,234.74,234.48,234.2,233.92,233.64,233.35,233.06,232.76,232.47,232.17,231.88,231.6,231.33,231.06,230.79,230.53,230.27,236.23,236.0,235.83,235.71,235.6,235.47,235.34,235.19,235.03,234.86,234.68,234.51,234.33,234.17,234.02,233.87,233.74,233.6,233.46,233.32,233.16,233.01,232.85,232.71,232.58,232.47
238.42,238.23,238.03,237.82,237.6,237.37,237.14,236.91,236.69,236.48,238.59,238.73,238.86,238.96,239.03,239.07,239.08,239.04,238.96,238.84,238.68,238.48,238.25,237.99,237.69,237.36,236.99,236.62,236.25,235.9,235.58,235.32,235.09,234.86,234.62,234.38,234.13,233.87,233.62,233.35,233.09,232.82,232.55,232.29,232.03,231.78,231.52,231.26,231.0,230.75,230.49,236.29,236.07,235.92,235.81,235.69,235.56,235.42,235.26,235.09,234.91,234.74,234.57,234.41,234.26,234.12,233.98,233.84,233.69,233.53,233.36,233.2,233.04,232.91,232.79
238.52,238.35,238.16,237.95,237.74,237.51,237.28,237.06,236.84,236.63,236.43,238.64,238.79,238.92,239.03,239.11,239.15,239.17,239.14,239.07,238.95,238.8,238.61,238.38,238.13,237.84,237.51,237.16,236.8,236.44,236.09,235.76,235.47,235.24,235.04,234.83,234.61,234.39,234.16,233.93,233.69,233.44,233.2,232.95,232.71,232.47,232.22,231.97,231.72,231.45,231.19,230.92,236.6,236.35,236.15,236.01,235.9,235.77,235.63,235.47,235.3,235.12,234.95,234.78,234.62,234.47,234.33,234.18,234.02,233.86,233.69,233.51,233.35,233.2,233.07
238.6,238.44,238.27,238.08,237.88,237.66,237.45,237.23,237.02,236.83,236.65,236.47,238.7,238.85,238.99,239.1,239.19,239.24,239.27,239.25,239.19,239.08,238.94,238.76,238.54,238.3,238.02,237.71,237.38,237.04,236.69,236.34,236.01,235.71,235.45,235.26,235.07,234.88,234.68,234.47,234.26,234.04,233.81,233.58,233.35,233.12,232.88,232.64,232.4,232.13,231.86,231.59,237.2,236.92,236.65,236.41,236.22,236.08,235.96,235.81,235.65,235.48,235.3,235.13,234.96,234.8,234.65,234.5,234.33,234.16,233.98,233.8,233.63,233.47,233.33
238.65,238.52,238.37,238.2,238.02,237.83,237.63,237.44,237.25,237.08,236.9,236.73,236.57,238.79,238.94,239.08,239.19,239.29,239.35,239.39,239.38,239.33,239.24,239.1,238.93,238.73,238.51,238.24,237.95,237.64,237.31,236.98,236.64,236.32,236.01,235.74,235.51,235.34,235.17,234.99,234.8,234.6,234.39,234.17,233.94,233.72,233.5,233.27,233.03,232.77,232.5,232.22,231.94,237.53,237.25,236.96,236.7,236.46,236.27,236.12,235.97,235.81,235.63,235.46,235.29,235.12,234.95,234.79,234.62,234.44,234.26,234.07,233.88,233.71,233.57
238.67,238.58,238.46,238.32,238.17,238.01,237.84,237.68,237.52,237.36,237.2,237.04,236.88,236.73,238.91,239.07,239.21,239.33,239.43,239.5,239.54,239.54,239.5,239.42,239.3,239.14,238.95,238.74,238.5,238.23,237.93,237.63,237.3,236.98,236.66,236.36,236.07,235.82,235.62,235.46,235.3,235.11,234.92,234.71,234.5,234.28,234.07,233.85,233.62,233.37,233.1,232.82,232.53,232.23,237.86,237.57,237.28,236.99,236.72,236.47,236.27,236.1,235.93,235.76,235.59,235.42,235.24,235.07,234.9,234.71,234.52,234.32,234.13,233.95,233.79
238.7,238.64,238.55,238.45,238.33,238.21,238.08,237.95,237.81,237.67,237.53,237.39,237.24,237.1,236.96,239.07,239.23,239.38,239.5,239.6,239.67,239.72,239.73,239.7,239.63,239.52,239.38,239.21,239.01,238.78,238.53,238.26,237.96,237.65,237.34,237.03,236.73,236.44,236.17,235.92,235.74,235.58,235.41,235.22,235.01,234.8,234.59,234.38,234.15,233.91,233.65,233.37,233.08,232.78,232.49,238.18,237.89,237.6,237.3,236.99,236.69,236.42,236.21,236.04,235.86,235.69,235.52,235.34,235.16,234.97,234.77,234.56,234.36,234.17,234.0
238.74,238.71,238.66,238.59,238.52,238.43,238.34,238.23,238.12,238.01,237.89,237.76,237.64,237.51,237.38,237.26,239.27,239.43,239.58,239.71,239.81,239.88,239.94,239.95,239.93,239.87,239.78,239.65,239.49,239.31,239.09,238.85,238.6,238.32,238.03,237.72,237.41,237.11,236.81,236.52,236.26,236.02,235.83,235.66,235.48,235.28,235.07,234.86,234.64,234.4,234.15,233.88,233.58,233.29,232.99,232.7,238.5,238.2,237.9,237.59,237.27,236.93,236.6,236.32,236.12,235.95,235.78,235.6,235.42,235.22,235.01,234.8,234.59,234.39,234.21
238.81,238.81,238.8,238.77,238.72,238.67,238.6,238.53,238.44,238.35,238.26,238.16,238.06,237.95,237.84,237.73,237.62,237.53,239.67,239.82,239.94,240.05,240.13,240.18,240.2,240.19,240.14,240.06,239.95,239.8,239.63,239.43,239.2,238.95,238.68,238.39,238.1,237.8,237.49,237.19,236.88,236.59,236.31,236.07,235.88,235.7,235.5,235.29,235.08,234.85,234.6,234.33,234.04,233.75,233.45,233.17,239.08,238.8,238.51,238.21,237.89,237.54,237.17,236.79,236.45,236.19,236.02,235.85,235.66,235.47,235.25,235.03,234.81,234.61,234.42
238.92,238.95,238.96,238.97,238.95,238.92,238.88,238.84,238.78,238.72,238.65,238.57,238.49,238.41,238.31,238.21,238.11,238.02,237.95,239.94,240.08,240.21,240.32,240.4,240.45,240.48,240.47,240.44,240.37,240.27,240.13,239.97,239.78,239.56,239.32,239.05,238.77,238.47,238.17,237.86,237.55,237.23,236.91,236.6,236.3,236.07,235.88,235.68,235.48,235.25,235.01,234.74,234.46,234.17,233.88,233.59,233.33,239.36,239.09,238.8,238.49,238.16,237.8,237.39,236.97,236.59,236.28,236.07,235.9,235.71,235.49,235.27,235.04,234.82,234.63
239.07,239.11,239.15,239.18,239.2,239.2,239.18,239.16,239.13,239.09,239.05,238.99,238.94,238.87,238.79,238.71,238.62,238.53,238.45,238.38,240.24,240.38,240.5,240.61,240.69,240.74,240.77,240.78,240.75,240.69,240.6,240.47,240.32,240.14,239.92,239.68,239.42,239.13,238.83,238.52,238.21,237.89,237.55,237.21,236.86,236.53,236.24,236.02,235.82,235.61,235.38,235.12,234.84,234.55,234.26,233.98,233.73,233.49,239.62,239.35,239.06,238.75,238.41,238.02,237.59,237.15,236.73,236.37,236.13,235.94,235.73,235.5,235.26,235.04,234.84
239.28,239.34,239.39,239.43,239.46,239.49,239.5,239.5,239.49,239.47,239.45,239.41,239.37,239.32,239.27,239.2,239.12,239.04,238.95,238.88,238.82,240.55,240.69,240.8,240.9,240.98,241.04,241.07,241.08,241.06,241.01,240.93,240.81,240.66,240.48,240.27,240.04,239.77,239.48,239.17,238.85,238.53,238.19,237.85,237.48,237.1,236.73,236.39,236.13,235.93,235.71,235.46,235.18,234.89,234.61,234.34,234.09,233.87,233.67,239.85,239.58,239.28,238.96,238.61,238.2,237.75,237.29,236.85,236.46,236.16,235.96,235.73,235.49,235.26,235.06
