data/auswave_pop_flds_combined.json
{"header": { "discipline": 10, "disciplineName": "Oceanographic products", "gribEdition": 2, "gribLength": 52546, "center": 1, "centerName": "Melbourne(WMC)", "subcenter": 0, "refTime": "2017-08-29T12:00:00.000Z", "significanceOfRT": 1, "significanceOfRTName": "Start of forecast", "productStatus": 0, "productStatusName": "Operational products", "productType": 255, "productTypeName": "GRID data", "productDefinitionTemplate": 0, "productDefinitionTemplateName": "Analysis/forecast at horizontal level/layer at a point in time", "parameterCategory": 0, "parameterCategoryName": "Waves", "parameterNumber": 10, "parameterNumberName": "Primary_wave_direction", "parameterUnit": "degrees", "genProcessType": 0, "genProcessTypeName": "Analysis", "forecastTime": 0, "surface1Type": 1, "surface1TypeName": "Ground or water surface", "surface1Value": 1.0, "surface2Type": 255, "surface2TypeName": "Missing", "surface2Value": -9.999E-252, "gridDefinitionTemplate": 0, "gridDefinitionTemplateName": "Latitude_Longitude", "numberPoints": 52461, "shape": 6, "shapeName": "Earth spherical with radius of 6,371,229.0 m", "gridUnits": "degrees", "resolution": 48, "winds": "true", "scanMode": 0, "nx": 261, "ny": 201, "basicAngle": 0, "lo1": 100.0, "la1": 0.0, "lo2": 165.0, "la2": -50.0, "dx": 0.25, "dy": 0.25 }, "data":
[rows 66 to 98 of 201, columns 0 to 74 of 261]
226.29,226.38,226.46,226.53,226.59,226.64,226.69,226.72,226.74,226.75,226.74,226.73,226.7,226.67,226.62,226.55,226.48,226.39,226.28,226.16,226.03,230.51,230.46,230.4,230.34,230.28,230.21,230.14,230.06,229.99,229.9,229.82,229.73,229.63,229.53,229.43,229.32,229.21,229.09,228.96,228.82,228.68,228.53,228.36,228.19,228.01,227.82,227.63,227.43,207.99,208.07,208.21,208.43,208.73,209.12,209.56,210.01,210.43,210.82,211.17,211.54,211.98,212.56,213.3,214.22,215.29,216.42,217.51,218.47,219.28,220.0,220.69,221.46,222.4,223.57
226.3,226.35,226.42,226.5,226.57,226.64,226.69,226.73,226.76,226.78,226.79,226.78,226.77,226.75,226.71,226.66,226.59,226.52,226.42,226.31,226.19,226.06,230.68,230.65,230.61,230.56,230.51,230.45,230.39,230.33,230.26,230.18,230.11,230.02,229.93,229.84,229.74,229.63,229.52,229.39,229.26,229.12,228.97,228.81,228.64,228.45,228.26,228.05,227.84,227.62,208.33,208.48,208.7,209.01,209.4,209.85,210.29,210.71,211.1,211.44,211.83,212.32,212.96,213.78,214.77,215.89,217.02,218.07,218.97,219.75,220.47,221.25,222.17,223.32,224.7
226.43,226.45,226.47,226.51,226.56,226.62,226.67,226.72,226.76,226.79,226.81,226.82,226.82,226.81,226.78,226.75,226.69,226.63,226.55,226.45,226.34,226.21,230.88,230.86,230.84,230.81,230.78,230.74,230.69,230.64,230.59,230.53,230.46,230.39,230.31,230.23,230.14,230.04,229.94,229.82,229.7,229.57,229.42,229.26,229.1,228.91,228.72,228.51,228.29,228.06,227.82,208.78,209.0,209.32,209.72,210.16,210.6,211.01,211.39,211.74,212.16,212.7,213.41,214.31,215.38,216.52,217.64,218.63,219.49,220.27,221.06,221.98,223.11,224.5,226.08
226.64,226.65,226.65,226.65,226.67,226.69,226.72,226.75,226.77,226.8,226.83,226.85,226.86,226.86,226.85,226.82,226.78,226.73,226.66,226.58,226.48,226.36,226.23,231.05,231.04,231.03,231.02,231.0,230.97,230.93,230.9,230.85,230.8,230.75,230.68,230.61,230.53,230.44,230.35,230.24,230.13,230.0,229.87,229.72,229.56,229.38,229.19,228.99,228.77,228.53,228.29,228.03,209.35,209.67,210.07,210.5,210.93,211.33,211.7,212.07,212.53,213.13,213.92,214.9,216.03,217.19,218.27,219.22,220.07,220.9,221.83,222.96,224.35,225.95,227.6
226.91,226.9,226.9,226.89,226.88,226.87,226.88,226.89,226.9,226.9,226.9,226.9,226.9,226.9,226.9,226.88,226.85,226.81,226.76,226.69,226.6,226.5,226.38,226.25,231.22,231.23,231.23,231.23,231.22,231.2,231.18,231.15,231.11,231.07,231.02,230.97,230.9,230.82,230.74,230.65,230.54,230.43,230.3,230.16,230.01,229.85,229.66,229.46,229.25,229.02,228.77,228.51,228.24,210.06,210.45,210.88,211.29,211.69,212.04,212.44,212.95,213.62,214.5,215.56,216.73,217.89,218.94,219.87,220.75,221.71,222.86,224.26,225.89,227.59,229.87
227.21,227.19,227.18,227.17,227.15,227.13,227.12,227.12,227.11,227.1,227.09,227.08,227.06,227.04,227.01,226.97,226.93,226.89,226.84,226.79,226.71,226.62,226.52,226.4,226.27,231.4,231.42,231.43,231.44,231.44,231.44,231.42,231.4,231.37,231.34,231.3,231.25,231.18,231.11,231.03,230.94,230.84,230.72,230.59,230.45,230.3,230.12,229.94,229.73,229.51,229.27,229.01,228.74,228.45,208.54,209.22,211.68,212.07,212.43,212.86,213.42,214.18,215.15,216.28,217.48,218.62,219.65,220.62,221.63,222.8,224.23,227.27,228.71,230.03,48.82
227.51,227.5,227.48,227.47,227.45,227.43,227.41,227.4,227.39,227.37,227.35,227.33,227.3,227.27,227.23,227.18,227.13,227.06,226.99,226.91,226.82,226.74,226.64,226.54,226.42,226.29,231.58,231.61,231.64,231.66,231.67,231.67,231.67,231.65,231.63,231.61,231.57,231.52,231.46,231.39,231.31,231.22,231.12,231.01,230.88,230.73,230.57,230.39,230.2,229.98,229.75,229.5,229.24,228.96,228.66,209.25,209.97,210.69,212.86,213.33,213.96,214.81,215.87,217.07,218.29,219.42,220.48,221.56,222.79,225.6,227.21,228.78,230.23,48.78,47.6
227.82,227.81,227.79,227.78,227.76,227.75,227.73,227.7,227.69,227.67,227.66,227.63,227.6,227.57,227.52,227.47,227.41,227.33,227.24,227.15,227.04,226.92,226.79,226.67,226.56,226.44,226.31,231.77,231.81,231.84,231.87,231.9,231.91,231.91,231.9,231.89,231.86,231.83,231.79,231.73,231.66,231.59,231.5,231.39,231.28,231.14,230.99,230.83,230.65,230.45,230.23,229.99,229.73,229.46,229.17,228.88,210.01,210.75,211.51,212.36,213.37,215.53,216.68,217.93,219.16,220.33,221.5,223.64,225.33,227.11,52.34,51.25,50.13,47.73,46.67
228.12,228.11,228.1,228.09,228.08,228.06,228.05,228.03,228.01,227.99,227.98,227.95,227.93,227.89,227.85,227.8,227.73,227.66,227.56,227.46,227.34,227.21,227.06,226.9,226.74,226.59,226.46,226.33,231.97,232.01,232.05,232.09,232.12,232.14,232.15,232.15,232.13,232.12,232.09,232.05,231.99,231.93,231.85,231.76,231.65,231.53,231.39,231.24,231.07,230.89,230.68,230.45,230.21,229.95,229.68,229.39,229.11,210.82,211.63,212.56,213.68,215.05,216.62,218.26,219.88,221.47,223.12,224.98,226.97,51.69,50.76,49.89,48.99,47.96,45.85
228.41,228.4,228.4,228.4,228.39,228.38,228.37,228.35,228.34,228.32,228.3,228.29,228.26,228.23,228.19,228.14,228.08,228.01,227.92,227.81,227.69,227.55,227.4,227.23,227.04,226.85,226.66,226.49,226.36,232.17,232.22,232.27,232.31,232.34,232.37,232.38,232.39,232.38,232.36,232.34,232.29,232.24,232.17,232.09,232.0,231.89,231.77,231.63,231.47,231.3,231.11,230.9,230.67,230.43,230.17,229.9,229.63,229.37,229.13,228.92,228.78,228.74,228.89,218.97,220.71,222.49,224.53,226.82,51.1,50.26,49.52,48.8,48.02,47.06,44.94
228.69,228.69,228.69,228.69,228.69,228.68,228.68,228.67,228.66,228.65,228.63,228.62,228.6,228.57,228.54,228.5,228.44,228.37,228.29,228.19,228.07,227.94,227.78,227.61,227.42,227.21,226.99,226.77,226.56,226.39,232.37,232.43,232.48,232.52,232.56,232.59,232.61,232.62,232.61,232.6,232.57,232.53,232.47,232.4,232.32,232.23,232.12,231.99,231.85,231.69,231.51,231.32,231.11,230.88,230.64,230.39,230.14,229.9,229.69,229.52,229.44,229.55,229.85,230.87,221.75,224.03,51.54,49.92,49.7,49.04,48.45,47.78,47.01,46.03,44.76
228.95,228.96,228.97,228.97,228.97,228.98,228.98,228.98,228.97,228.96,228.96,228.94,228.93,228.91,228.88,228.85,228.8,228.74,228.67,228.57,228.47,228.34,228.19,228.01,227.82,227.61,227.38,227.14,226.89,226.65,226.44,232.57,232.64,232.69,232.74,232.78,232.81,232.83,232.84,232.83,232.82,232.79,232.75,232.69,232.62,232.54,232.44,232.33,232.2,232.05,231.89,231.71,231.52,231.31,231.09,230.86,230.64,230.43,230.26,230.16,230.18,230.51,231.19,233.78,223.48,51.13,49.41,48.37,47.57,47.92,47.36,46.69,45.83,44.73,43.34
229.19,229.21,229.23,229.24,229.25,229.26,229.26,229.27,229.27,229.27,229.26,229.26,229.25,229.24,229.22,229.19,229.15,229.1,229.04,228.96,228.86,228.74,228.6,228.43,228.25,228.04,227.81,227.56,227.29,227.02,226.75,226.51,232.77,232.84,232.9,232.95,232.99,233.02,233.05,233.05,233.04,233.03,233.0,232.95,232.89,232.82,232.73,232.63,232.52,232.39,232.24,232.08,231.9,231.71,231.51,231.31,231.11,230.94,230.83,230.8,231.04,231.81,234.04,222.94,50.69,48.55,47.72,47.17,46.56,46.78,46.17,45.4,44.41,43.25,41.91
229.42,229.45,229.48,229.5,229.51,229.53,229.54,229.54,229.55,229.56,229.56,229.56,229.56,229.55,229.53,229.51,229.49,229.45,229.4,229.33,229.24,229.14,229.01,228.86,228.68,228.48,228.25,228.01,227.74,227.45,227.16,226.86,226.59,232.97,233.04,233.11,233.16,233.2,233.23,233.25,233.25,233.24,233.22,233.19,233.14,233.08,233.01,232.92,232.81,232.7,232.56,232.41,232.25,232.08,231.9,231.73,231.57,231.45,231.41,231.52,232.23,233.95,254.82,48.87,46.57,46.28,46.12,45.9,45.41,44.59,44.61,43.73,42.63,40.78,37.91
226.77,229.67,229.7,229.73,229.76,229.78,229.79,229.81,229.82,229.83,229.84,229.84,229.84,229.84,229.84,229.82,229.8,229.78,229.74,229.68,229.61,229.52,229.41,229.27,229.11,228.92,228.71,228.47,228.2,227.92,227.61,227.29,226.98,233.09,233.17,233.24,233.3,233.35,233.39,233.42,233.43,233.44,233.42,233.4,233.37,233.32,233.25,233.18,233.08,232.98,232.86,232.72,232.58,232.43,232.27,232.13,232.01,231.95,232.07,232.32,234.22,252.66,267.78,275.44,282.47,286.07,44.7,44.64,44.09,43.1,42.86,41.48,38.73,34.78,30.42
226.74,226.86,229.91,229.95,229.98,230.01,230.04,230.06,230.07,230.08,230.09,230.1,230.11,230.12,230.12,230.11,230.1,230.08,230.05,230.01,229.95,229.88,229.79,229.67,229.52,229.35,229.16,228.93,228.67,228.39,228.09,227.77,227.43,227.09,233.29,233.36,233.43,233.49,233.54,233.58,233.6,233.61,233.61,233.59,233.57,233.54,233.48,233.41,233.33,233.24,233.13,233.01,232.88,232.74,232.61,232.5,232.43,232.47,232.81,233.28,244.49,265.45,278.01,284.17,288.19,292.07,43.7,42.41,40.74,40.25,38.48,35.54,27.99,24.0,18.21
226.74,226.84,226.94,230.15,230.19,230.23,230.26,230.29,230.31,230.33,230.34,230.35,230.36,230.37,230.38,230.38,230.38,230.37,230.35,230.32,230.28,230.22,230.14,230.04,229.92,229.77,229.59,229.38,229.14,228.88,228.58,228.26,227.92,227.56,227.19,233.47,233.55,233.61,233.67,233.72,233.75,233.77,233.77,233.77,233.75,233.73,233.69,233.63,233.56,233.47,233.38,233.27,233.16,233.04,232.93,232.86,232.85,233.1,233.69,235.3,249.97,262.79,278.92,295.25,299.03,301.92,308.02,320.99,31.83,32.61,28.29,24.29,"NaN","NaN","NaN"
226.79,226.86,226.94,227.03,230.39,230.43,230.47,230.5,230.53,230.55,230.57,230.59,230.6,230.61,230.62,230.63,230.63,230.63,230.62,230.6,230.57,230.53,230.47,230.39,230.29,230.16,230.0,229.82,229.6,229.35,229.07,228.76,228.42,228.06,227.67,227.28,233.65,233.72,233.79,233.84,233.88,233.91,233.93,233.93,233.92,233.89,233.87,233.82,233.76,233.69,233.6,233.5,233.41,233.31,233.24,233.2,233.32,233.89,234.99,238.52,248.44,262.37,270.0,37.91,314.74,316.02,"NaN","NaN","NaN","NaN","NaN","NaN","NaN","NaN","NaN"
226.89,226.92,226.97,227.03,227.1,230.62,230.66,230.7,230.73,230.76,230.79,230.8,230.82,230.83,230.84,230.86,230.86,230.87,230.87,230.86,230.84,230.81,230.77,230.7,230.62,230.52,230.38,230.22,230.03,229.81,229.54,229.25,228.92,228.57,228.18,227.78,227.37,233.82,233.89,233.95,234.0,234.03,234.06,234.07,234.07,234.05,234.02,233.99,233.94,233.88,233.8,233.72,233.64,233.56,233.52,233.55,233.85,235.06,237.63,245.79,257.87,269.99,272.63,304.14,323.81,"NaN","NaN","NaN","NaN","NaN","NaN","NaN","NaN","NaN","NaN"
227.02,227.03,227.05,227.08,227.12,227.17,230.85,230.89,230.92,230.95,230.98,231.01,231.03,231.04,231.06,231.07,231.08,231.09,231.09,231.1,231.09,231.07,231.03,230.99,230.93,230.84,230.73,230.6,230.43,230.23,230.0,229.73,229.42,229.08,228.7,228.3,227.87,227.44,233.98,234.04,234.1,234.14,234.17,234.19,234.2,234.19,234.17,234.14,234.11,234.05,233.99,233.92,233.85,233.8,233.81,233.93,234.57,237.8,247.68,259.61,275.96,283.15,284.63,301.87,"NaN","NaN","NaN","NaN","NaN","NaN","NaN","NaN","NaN","NaN","NaN"
227.19,227.17,227.16,227.17,227.18,227.21,227.24,231.06,231.11,231.14,231.17,231.2,231.22,231.24,231.26,231.27,231.28,231.3,231.3,231.31,231.31,231.3,231.28,231.25,231.2,231.13,231.05,230.94,230.8,230.62,230.42,230.17,229.89,229.57,229.21,228.82,228.4,227.96,227.5,234.12,234.18,234.23,234.27,234.3,234.32,234.32,234.31,234.28,234.24,234.21,234.15,234.09,234.05,234.03,234.13,234.31,236.27,250.13,270.58,292.67,306.21,302.53,294.21,"NaN","NaN","NaN","NaN","NaN","NaN","NaN","NaN","NaN","NaN","NaN","NaN"
227.4,227.35,227.31,227.29,227.28,227.28,227.29,227.3,231.28,231.32,231.35,231.38,231.4,231.42,231.45,231.46,231.48,231.49,231.5,231.5,231.51,231.51,231.5,231.47,231.44,231.39,231.32,231.23,231.12,230.97,230.8,230.58,230.33,230.04,229.71,229.34,228.93,228.5,228.03,227.55,234.26,234.31,234.36,234.39,234.42,234.43,234.42,234.4,234.37,234.34,234.3,234.26,234.23,234.28,234.45,235.1,257.58,288.34,308.99,314.74,"NaN","NaN","NaN","NaN","NaN","NaN","NaN","NaN","NaN","NaN","NaN","NaN","NaN","NaN","NaN"
227.64,227.56,227.5,227.45,227.42,227.4,227.38,227.37,227.36,227.35,231.52,231.55,231.58,231.6,231.62,231.64,231.65,231.67,231.68,231.68,231.69,231.69,231.69,231.68,231.65,231.62,231.57,231.5,231.4,231.29,231.14,230.95,230.73,230.48,230.18,229.83,229.45,229.03,228.58,228.1,227.6,234.39,234.43,234.47,234.5,234.52,234.52,234.51,234.49,234.45,234.43,234.4,234.42,234.56,234.83,236.8,266.82,285.38,285.48,"NaN","NaN","NaN","NaN","NaN","NaN","NaN","NaN","NaN","NaN","NaN","NaN","NaN","NaN","NaN","NaN"
227.91,227.8,227.72,227.65,227.59,227.54,227.5,227.47,227.44,227.41,227.38,231.71,231.74,231.76,231.78,231.8,231.82,231.83,231.84,231.85,231.86,231.86,231.86,231.86,231.85,231.82,231.78,231.73,231.65,231.56,231.44,231.28,231.09,230.87,230.6,230.3,229.95,229.55,229.12,228.65,228.16,227.64,234.5,234.54,234.57,234.6,234.61,234.6,234.59,234.56,234.54,234.55,234.62,234.87,235.55,246.46,"NaN",288.87,"NaN","NaN","NaN","NaN","NaN","NaN","NaN","NaN","NaN","NaN","NaN","NaN","NaN","NaN","NaN","NaN","NaN"
228.19,228.08,227.96,227.87,227.79,227.72,227.66,227.61,227.56,227.51,227.46,227.41,231.89,231.92,231.94,231.96,231.97,231.98,232.0,232.01,232.01,232.02,232.02,232.02,232.01,232.0,231.97,231.93,231.87,231.79,231.69,231.57,231.41,231.22,230.99,230.72,230.4,230.04,229.64,229.2,228.72,228.2,227.67,234.6,234.64,234.66,234.68,234.68,234.67,234.66,234.66,234.68,234.87,235.26,237.65,260.84,"NaN",305.83,"NaN","NaN","NaN","NaN","NaN","NaN","NaN","NaN","NaN","NaN","NaN","NaN","NaN","NaN","NaN","NaN","NaN"
228.49,228.36,228.24,228.12,228.01,227.92,227.84,227.77,227.7,227.64,227.57,227.51,227.44,232.06,232.08,232.1,232.12,232.13,232.14,232.15,232.16,232.16,232.17,232.17,232.16,232.15,232.13,232.1,232.06,232.0,231.92,231.82,231.69,231.53,231.33,231.09,230.82,230.5,230.13,229.72,229.26,228.77,228.24,234.65,234.69,234.72,234.74,234.75,234.75,234.74,234.77,234.85,235.2,235.95,248.02,268.96,"NaN","NaN","NaN","NaN","NaN","NaN","NaN","NaN","NaN","NaN","NaN","NaN","NaN","NaN","NaN","NaN","NaN","NaN","NaN"
228.8,228.65,228.52,228.39,228.27,228.15,228.05,227.96,227.87,227.79,227.71,227.63,227.55,227.45,232.22,232.24,232.26,232.27,232.28,232.29,232.29,232.3,232.3,232.3,232.3,232.29,232.28,232.26,232.22,232.17,232.11,232.03,231.92,231.79,231.63,231.43,231.19,230.9,230.57,230.2,229.78,229.31,228.81,228.27,234.74,234.77,234.79,234.8,234.8,234.81,234.87,235.09,235.71,237.74,251.29,259.6,"NaN","NaN","NaN","NaN","NaN","NaN","NaN","NaN","NaN","NaN","NaN","NaN","NaN","NaN","NaN","NaN","NaN","NaN","NaN"
229.1,228.95,228.81,228.67,228.54,228.41,228.29,228.18,228.07,227.97,227.88,227.78,227.68,227.57,227.46,232.37,232.39,232.41,232.42,232.42,232.43,232.43,232.43,232.43,232.43,232.42,232.41,232.39,232.37,232.33,232.28,232.21,232.12,232.02,231.88,231.71,231.51,231.26,230.97,230.64,230.25,229.83,229.35,228.84,228.29,234.81,234.84,234.85,234.85,234.89,235.0,235.47,236.71,243.09,255.19,263.84,"NaN","NaN","NaN","NaN","NaN","NaN","NaN","NaN","NaN","NaN","NaN","NaN","NaN","NaN","NaN","NaN","NaN","NaN","NaN"
229.41,229.25,229.1,228.95,228.81,228.68,228.55,228.42,228.29,228.18,228.07,227.95,227.84,227.72,227.59,227.45,232.52,232.53,232.54,232.55,232.56,232.56,232.56,232.55,232.54,232.54,232.53,232.51,232.49,232.46,232.42,232.37,232.3,232.21,232.09,231.95,231.78,231.57,231.32,231.02,230.68,230.29,229.86,229.38,228.85,228.3,234.88,234.89,234.89,234.97,235.21,236.17,239.62,251.01,263.95,276.55,"NaN","NaN","NaN","NaN","NaN","NaN","NaN","NaN","NaN","NaN","NaN","NaN","NaN","NaN","NaN","NaN","NaN","NaN","NaN"
229.71,229.55,229.4,229.25,229.09,228.95,228.81,228.67,228.54,228.4,228.28,228.15,228.02,227.89,227.75,227.6,227.44,232.65,232.66,232.67,232.68,232.68,232.68,232.67,232.66,232.65,232.64,232.63,232.61,232.58,232.55,232.5,232.44,232.37,232.27,232.15,232.01,231.83,231.61,231.36,231.06,230.71,230.32,229.88,229.39,228.86,228.3,234.92,234.92,235.05,235.57,237.93,247.51,259.39,269.58,"NaN","NaN","NaN","NaN","NaN","NaN","NaN","NaN","NaN","NaN","NaN","NaN","NaN","NaN","NaN","NaN","NaN","NaN","NaN","NaN"
230.0,229.85,229.69,229.54,229.38,229.23,229.08,228.93,228.8,228.65,228.51,228.36,228.22,228.08,227.92,227.76,227.59,227.41,232.78,232.79,232.79,232.79,232.79,232.79,232.78,232.76,232.75,232.73,232.71,232.69,232.66,232.62,232.57,232.5,232.42,232.32,232.2,232.05,231.86,231.64,231.38,231.08,230.73,230.33,229.88,229.39,228.86,228.3,234.98,235.14,236.41,244.75,254.79,262.84,266.52,"NaN","NaN","NaN","NaN","NaN","NaN","NaN","NaN","NaN","NaN","NaN","NaN","NaN","NaN","NaN","NaN","NaN","NaN","NaN","NaN"
230.27,230.13,229.98,229.83,229.67,229.51,229.36,229.2,229.05,228.91,228.75,228.6,228.44,228.28,228.12,227.95,227.77,227.58,227.37,232.9,232.9,232.91,232.9,232.9,232.88,232.87,232.85,232.83,232.81,232.78,232.75,232.72,232.67,232.62,232.55,232.46,232.35,232.22,232.07,231.88,231.65,231.39,231.08,230.73,230.33,229.88,229.39,228.86,228.31,235.2,239.34,250.05,257.49,260.92,267.26,"NaN","NaN","NaN","NaN","NaN","NaN","NaN","NaN","NaN","NaN","NaN","NaN","NaN","NaN","NaN","NaN","NaN","NaN","NaN","NaN"
230.54,230.41,230.26,230.11,229.96,229.8,229.64,229.48,229.32,229.16,229.01,228.85,228.68,228.51,228.34,228.16,227.97,227.76,227.55,227.31,233.01,233.01,233.01,233.0,232.99,232.97,232.95,232.92,232.9,232.87,232.84,232.81,232.76,232.71,232.65,232.57,232.48,232.37,232.24,232.07,231.88,231.65,231.38,231.07,230.72,230.32,229.87,229.39,228.84,228.84,244.04,251.83,253.33,261.01,270.65,"NaN","NaN","NaN","NaN","NaN","NaN","NaN","NaN","NaN","NaN","NaN","NaN","NaN","NaN","NaN","NaN","NaN","NaN","NaN","NaN"
