data/auswave_pop_flds_combined.json
{"header": { "discipline": 10, "disciplineName": "Oceanographic products", "gribEdition": 2, "gribLength": 27895, "center": 1, "centerName": "Melbourne(WMC)", "subcenter": 0, "refTime": "2017-08-29T12:00:00.000Z", "significanceOfRT": 1, "significanceOfRTName": "Start of forecast", "productStatus": 0, "productStatusName": "Operational products", "productType": 255, "productTypeName": "GRID data", "productDefinitionTemplate": 0, "productDefinitionTemplateName": "Analysis/forecast at horizontal level/layer at a point in time", "parameterCategory": 0, "parameterCategoryName": "Waves", "parameterNumber": 3, "parameterNumberName": "Significant_height_of_combined_wind_waves_and_swell", "parameterUnit": "m", "genProcessType": 0, "genProcessTypeName": "Analysis", "forecastTime": 0, "surface1Type": 1, "surface1TypeName": "Ground or water surface", "surface1Value": 1.0, "surface2Type": 255, "surface2TypeName": "Missing", "surface2Value": -9.999E-252, "gridDefinitionTemplate": 0, "gridDefinitionTemplateName": "Latitude_Longitude", "numberPoints": 52461, "shape": 6, "shapeName": "Earth spherical with radius of 6,371,229.0 m", "gridUnits": "degrees", "resolution": 48, "winds": "true", "scanMode": 0, "nx": 261, "ny": 201, "basicAngle": 0, "lo1": 100.0, "la1": 0.0, "lo2": 165.0, "la2": -50.0, "dx": 0.25, "dy": 0.25 }, "data":
[rows 36 to 71 of 201, columns 160 to 239 of 261]
1.06,0.94,0.8,0.13,"NaN","NaN","NaN","NaN","NaN","NaN","NaN","NaN","NaN",0.25,0.83,1.9,1.99,2.1,2.12,2.11,2.12,2.13,2.14,2.13,2.07,1.93,1.6,0.89,"NaN","NaN","NaN","NaN","NaN","NaN",0.25,0.24,0.25,0.44,0.78,1.06,1.11,1.06,0.96,0.9,0.82,0.99,0.86,0.91,0.71,0.75,0.65,0.75,0.85,0.96,0.99,1.1,1.11,1.14,1.2,1.22,1.24,1.25,1.25,1.25,1.25,1.25,1.24,1.25,1.25,1.24,1.3,1.18,1.27,1.27,1.14,1.13,1.03,0.75,0.97,0.84
1.12,1.04,1.08,0.93,0.58,0.21,0.47,0.19,0.41,0.42,0.14,0.21,0.9,1.38,1.83,2.02,2.08,2.12,2.18,2.17,2.18,2.19,2.18,2.18,2.17,2.14,2.03,1.74,1.23,"NaN","NaN","NaN","NaN","NaN","NaN","NaN","NaN",0.34,0.48,0.76,0.97,0.95,0.96,0.83,0.78,0.99,0.98,0.97,0.89,0.82,0.76,0.83,0.89,1.01,1.03,1.11,1.18,1.18,1.24,1.27,1.28,1.29,1.3,1.3,1.29,1.29,1.29,1.29,1.3,1.31,1.3,1.31,1.38,1.28,1.25,1.25,1.16,1.04,1.02,0.88
1.12,1.13,1.14,1.07,0.99,1.19,1.06,0.86,0.94,0.85,0.76,0.97,1.36,1.49,1.77,2.07,2.17,2.15,2.22,2.24,2.25,2.25,2.25,2.24,2.24,2.22,2.19,2.11,1.84,1.27,"NaN","NaN","NaN","NaN","NaN","NaN","NaN",0.29,0.35,0.47,0.77,0.87,0.92,0.85,0.79,0.94,1.06,1.0,0.99,0.9,0.9,0.93,0.99,0.98,1.04,1.15,1.15,1.23,1.27,1.31,1.33,1.34,1.34,1.35,1.34,1.34,1.33,1.34,1.35,1.38,1.4,1.41,1.41,1.37,1.33,1.27,1.17,1.13,1.01,"NaN"
1.03,1.05,1.11,1.2,1.26,1.27,1.19,1.04,1.02,0.95,1.04,1.23,1.38,1.54,1.75,1.93,2.08,2.19,2.23,2.28,2.29,2.29,2.3,2.3,2.31,2.3,2.26,2.19,2.05,1.76,1.17,"NaN","NaN","NaN","NaN","NaN","NaN","NaN","NaN",0.24,0.4,0.69,0.77,0.7,0.73,0.94,1.13,1.04,0.96,0.87,0.91,0.89,0.96,1.02,1.07,1.13,1.2,1.25,1.31,1.35,1.37,1.38,1.39,1.39,1.39,1.38,1.37,1.38,1.41,1.44,1.46,1.47,1.46,1.44,1.41,1.35,1.28,1.22,1.22,1.13
0.91,0.9,0.96,1.08,1.2,1.24,1.18,1.02,0.76,0.97,1.25,1.32,1.47,1.45,1.76,1.93,2.25,2.33,2.26,2.3,2.32,2.33,2.34,2.34,2.35,2.34,2.31,2.26,2.17,1.99,1.67,1.26,0.98,0.21,"NaN","NaN","NaN","NaN","NaN",0.17,0.26,0.46,0.67,0.59,0.76,0.95,1.26,1.15,1.04,0.86,0.86,0.89,0.95,1.01,1.09,1.15,1.21,1.28,1.35,1.39,1.41,1.42,1.43,1.43,1.42,1.42,1.42,1.43,1.46,1.49,1.5,1.51,1.51,1.5,1.47,1.43,1.38,1.34,1.31,1.27
0.82,0.77,0.75,0.83,0.98,1.1,1.1,1.0,0.68,0.58,1.39,1.54,1.66,1.63,1.81,1.93,2.22,2.22,2.29,2.3,2.33,2.34,2.35,2.36,2.36,2.35,2.33,2.29,2.23,2.12,1.95,1.77,1.63,1.64,1.51,1.42,1.34,1.15,0.57,"NaN","NaN",0.39,0.8,0.63,0.68,0.82,1.27,1.17,1.06,0.87,0.8,0.81,0.9,0.97,1.07,1.15,1.22,1.31,1.39,1.44,1.46,1.46,1.46,1.46,1.46,1.46,1.46,1.47,1.49,1.52,1.53,1.53,1.54,1.53,1.52,1.5,1.47,1.44,1.41,1.38
0.77,0.71,0.65,0.61,0.63,0.74,0.87,0.91,0.81,0.57,1.34,1.45,1.36,1.54,1.8,1.95,2.21,2.26,2.27,2.28,2.3,2.32,2.33,2.34,2.34,2.33,2.31,2.28,2.23,2.14,2.03,1.94,1.85,1.75,1.7,1.63,1.55,1.49,1.41,1.19,1.0,"NaN",0.99,0.62,0.67,1.06,1.48,1.28,1.21,0.93,0.76,0.76,0.88,0.92,1.05,1.15,1.22,1.32,1.44,1.48,1.5,1.5,1.5,1.49,1.49,1.49,1.49,1.51,1.52,1.54,1.55,1.56,1.56,1.56,1.55,1.54,1.52,1.5,1.48,1.46
0.73,0.67,0.61,0.56,0.52,0.51,0.52,0.64,0.66,0.55,0.68,1.35,1.54,1.59,1.77,1.96,2.21,2.24,2.25,2.27,2.28,2.28,2.29,2.29,2.29,2.29,2.28,2.26,2.22,2.16,2.1,2.04,1.97,1.9,1.82,1.76,1.7,1.64,1.58,1.5,1.4,1.28,1.33,0.88,0.74,1.39,1.61,1.48,1.37,0.92,0.63,0.59,0.84,0.89,1.02,1.15,1.19,1.33,1.49,1.53,1.55,1.54,1.53,1.52,1.52,1.52,1.53,1.54,1.56,1.57,1.59,1.59,1.59,1.59,1.58,1.57,1.55,1.52,1.49,1.47
0.7,0.63,0.58,0.53,0.49,0.45,0.4,0.31,0.14,"NaN","NaN",1.04,1.68,1.76,1.87,2.03,2.22,2.24,2.24,2.25,2.25,2.25,2.25,2.25,2.25,2.24,2.23,2.21,2.19,2.15,2.11,2.07,2.04,1.99,1.94,1.88,1.83,1.79,1.75,1.73,1.74,1.73,1.71,1.63,1.56,1.73,1.79,1.76,1.64,1.34,1.01,0.96,0.89,0.82,1.02,1.21,1.22,1.36,1.58,1.57,1.6,1.59,1.57,1.56,1.55,1.55,1.56,1.57,1.58,1.6,1.6,1.6,1.61,1.61,1.6,1.59,1.57,1.53,1.52,1.51
0.67,0.6,0.55,0.5,0.47,0.43,0.37,0.27,0.12,"NaN","NaN",0.58,1.52,1.73,1.85,2.02,2.21,2.24,2.24,2.23,2.23,2.23,2.23,2.22,2.22,2.21,2.2,2.18,2.16,2.13,2.11,2.09,2.08,2.07,2.03,1.99,1.95,1.92,1.89,1.89,1.9,1.88,1.87,1.95,1.95,1.93,1.91,1.85,1.85,1.76,1.59,1.42,1.21,0.52,0.81,1.37,1.5,1.61,1.71,1.65,1.66,1.64,1.62,1.6,1.58,1.58,1.59,1.6,1.61,1.62,1.62,1.62,1.63,1.64,1.63,1.61,1.59,1.56,1.55,1.51
0.65,0.59,0.53,0.49,0.45,0.39,0.32,0.23,0.09,"NaN","NaN",0.4,1.41,1.67,1.83,2.03,2.2,2.24,2.24,2.24,2.23,2.22,2.21,2.2,2.19,2.18,2.17,2.15,2.13,2.11,2.1,2.1,2.1,2.1,2.09,2.08,2.05,2.03,2.01,2.01,2.02,2.01,1.99,2.0,2.03,2.05,2.05,2.02,2.07,2.04,2.0,1.93,1.76,1.41,1.53,1.69,1.77,1.83,1.71,1.75,1.72,1.69,1.67,1.64,1.63,1.62,1.62,1.62,1.63,1.64,1.65,1.65,1.66,1.67,1.66,1.63,1.61,1.57,1.5,1.43
0.66,0.6,0.56,0.53,0.47,0.4,0.3,0.19,0.03,"NaN","NaN","NaN",1.11,1.67,1.9,2.01,2.18,2.24,2.24,2.24,2.23,2.22,2.2,2.18,2.17,2.15,2.14,2.13,2.11,2.09,2.09,2.09,2.1,2.11,2.12,2.12,2.12,2.11,2.11,2.11,2.11,2.11,2.14,2.17,2.19,2.19,2.19,2.15,2.12,2.11,2.09,2.05,1.99,2.02,1.97,1.97,1.83,1.84,1.83,1.8,1.78,1.75,1.72,1.7,1.68,1.67,1.66,1.66,1.66,1.66,1.67,1.68,1.69,1.69,1.68,1.67,1.65,1.63,1.59,1.53
0.69,0.65,0.62,0.6,0.56,0.5,0.35,0.14,"NaN","NaN","NaN","NaN",0.21,1.33,1.76,2.21,2.18,2.24,2.24,2.24,2.23,2.21,2.19,2.17,2.15,2.13,2.12,2.1,2.09,2.07,2.07,2.07,2.09,2.11,2.13,2.15,2.16,2.16,2.17,2.17,2.18,2.19,2.22,2.25,2.27,2.27,2.28,2.28,2.28,2.26,2.24,2.2,2.14,2.08,2.04,2.02,1.99,1.94,1.9,1.88,1.85,1.81,1.78,1.76,1.74,1.72,1.7,1.69,1.69,1.69,1.7,1.7,1.71,1.7,1.7,1.7,1.69,1.68,1.66,1.65
0.73,0.7,0.67,0.65,0.64,0.61,0.46,0.1,"NaN","NaN","NaN","NaN",0.21,1.41,1.77,2.18,2.2,2.24,2.25,2.24,2.23,2.21,2.19,2.16,2.14,2.12,2.1,2.08,2.06,2.05,2.05,2.06,2.08,2.1,2.13,2.15,2.16,2.18,2.2,2.22,2.24,2.27,2.3,2.33,2.34,2.35,2.35,2.36,2.35,2.34,2.32,2.3,2.27,2.23,2.19,2.14,2.07,2.03,2.0,1.95,1.91,1.88,1.85,1.83,1.81,1.79,1.76,1.74,1.73,1.72,1.72,1.73,1.73,1.72,1.72,1.72,1.72,1.71,1.69,1.68
0.76,0.73,0.71,0.69,0.68,0.68,0.5,0.07,"NaN","NaN","NaN","NaN","NaN",1.02,1.73,2.08,2.2,2.23,2.25,2.24,2.23,2.2,2.18,2.16,2.13,2.1,2.08,2.06,2.04,2.03,2.04,2.05,2.07,2.09,2.11,2.13,2.15,2.17,2.2,2.23,2.27,2.3,2.34,2.37,2.39,2.4,2.41,2.42,2.42,2.42,2.41,2.39,2.36,2.32,2.27,2.23,2.18,2.14,2.09,2.04,2.0,1.96,1.93,1.9,1.88,1.86,1.83,1.81,1.78,1.77,1.76,1.76,1.75,1.75,1.75,1.74,1.73,1.72,1.72,1.71
0.76,0.74,0.72,0.7,0.7,0.7,0.42,0.1,"NaN","NaN","NaN","NaN","NaN","NaN",1.26,2.04,2.19,2.23,2.25,2.24,2.22,2.2,2.17,2.15,2.12,2.09,2.07,2.04,2.02,2.01,2.02,2.04,2.05,2.06,2.08,2.1,2.13,2.16,2.19,2.22,2.26,2.31,2.35,2.38,2.41,2.43,2.45,2.46,2.47,2.48,2.48,2.47,2.45,2.41,2.37,2.32,2.28,2.23,2.18,2.14,2.1,2.06,2.02,1.99,1.97,1.94,1.91,1.88,1.86,1.83,1.82,1.81,1.8,1.79,1.78,1.76,1.75,1.74,1.72,1.71
0.75,0.73,0.72,0.71,0.7,0.69,0.37,"NaN","NaN","NaN","NaN","NaN","NaN","NaN",1.09,1.89,2.18,2.23,2.24,2.23,2.21,2.19,2.15,2.12,2.1,2.08,2.05,2.03,2.02,2.01,2.01,2.01,2.02,2.03,2.04,2.06,2.09,2.12,2.16,2.2,2.25,2.29,2.34,2.38,2.41,2.44,2.47,2.49,2.51,2.52,2.52,2.52,2.51,2.49,2.46,2.42,2.38,2.34,2.3,2.26,2.21,2.17,2.13,2.1,2.06,2.03,2.0,1.97,1.94,1.92,1.9,1.88,1.86,1.84,1.81,1.79,1.77,1.75,1.73,1.72
0.73,0.71,0.72,0.73,0.73,0.71,0.35,"NaN","NaN","NaN","NaN","NaN","NaN","NaN",1.03,1.8,2.17,2.24,2.24,2.22,2.19,2.16,2.13,2.1,2.07,2.05,2.04,2.02,2.01,2.0,1.99,1.98,1.98,1.99,1.99,2.01,2.04,2.09,2.13,2.17,2.22,2.26,2.31,2.36,2.4,2.43,2.46,2.49,2.52,2.55,2.56,2.56,2.56,2.55,2.53,2.5,2.46,2.43,2.39,2.35,2.32,2.28,2.24,2.2,2.17,2.14,2.1,2.07,2.04,2.02,1.99,1.96,1.93,1.9,1.87,1.83,1.79,1.76,1.74,1.72
0.72,0.71,0.73,0.75,0.76,0.76,0.25,"NaN","NaN","NaN","NaN","NaN","NaN","NaN",0.42,1.58,2.12,2.24,2.23,2.21,2.17,2.14,2.1,2.07,2.05,2.03,2.01,2.0,1.99,1.98,1.97,1.95,1.95,1.94,1.95,1.97,2.0,2.04,2.09,2.13,2.17,2.22,2.27,2.32,2.36,2.41,2.45,2.48,2.52,2.55,2.58,2.59,2.6,2.59,2.58,2.56,2.54,2.51,2.48,2.45,2.42,2.38,2.35,2.32,2.29,2.26,2.23,2.19,2.15,2.12,2.09,2.05,2.01,1.98,1.93,1.89,1.84,1.8,1.76,1.74
0.73,0.72,0.74,0.75,0.76,0.78,0.13,"NaN","NaN","NaN","NaN","NaN","NaN","NaN",0.21,1.46,1.93,2.09,2.14,2.15,2.13,2.11,2.07,2.05,2.02,2.0,1.98,1.97,1.97,1.96,1.94,1.93,1.92,1.91,1.91,1.93,1.96,2.0,2.04,2.08,2.12,2.17,2.22,2.27,2.32,2.37,2.42,2.46,2.51,2.55,2.58,2.59,2.6,2.6,2.6,2.59,2.58,2.57,2.55,2.53,2.5,2.47,2.44,2.41,2.39,2.37,2.35,2.31,2.27,2.23,2.19,2.15,2.11,2.06,2.01,1.96,1.91,1.86,1.81,1.77
0.73,0.72,0.73,0.74,0.73,0.74,0.29,"NaN","NaN","NaN","NaN","NaN","NaN","NaN","NaN",0.82,1.56,1.87,2.02,2.12,2.03,2.04,2.03,2.02,1.99,1.97,1.96,1.94,1.93,1.92,1.91,1.9,1.89,1.89,1.89,1.9,1.93,1.97,2.0,2.04,2.07,2.11,2.16,2.21,2.26,2.32,2.37,2.42,2.47,2.52,2.55,2.57,2.58,2.59,2.59,2.6,2.6,2.6,2.6,2.58,2.56,2.54,2.52,2.5,2.49,2.48,2.45,2.42,2.39,2.34,2.31,2.26,2.21,2.15,2.09,2.04,1.98,1.92,1.86,1.81
0.72,0.7,0.71,0.71,0.71,0.71,0.38,"NaN","NaN","NaN","NaN","NaN","NaN","NaN","NaN",0.26,0.86,0.85,1.15,1.75,2.01,2.0,1.95,1.96,1.96,1.95,1.93,1.91,1.89,1.88,1.87,1.87,1.86,1.86,1.87,1.88,1.91,1.93,1.97,2.0,2.03,2.07,2.11,2.16,2.21,2.26,2.31,2.37,2.42,2.47,2.5,2.52,2.55,2.56,2.58,2.59,2.6,2.61,2.62,2.61,2.61,2.6,2.59,2.59,2.58,2.57,2.55,2.53,2.5,2.47,2.43,2.37,2.31,2.24,2.18,2.11,2.04,1.98,1.92,1.87
0.71,0.68,0.68,0.69,0.7,0.7,0.37,"NaN","NaN","NaN","NaN","NaN","NaN","NaN","NaN","NaN","NaN","NaN","NaN",0.93,1.36,1.66,1.88,1.9,1.91,1.91,1.88,1.86,1.85,1.84,1.83,1.83,1.83,1.84,1.85,1.85,1.87,1.9,1.93,1.97,2.0,2.04,2.07,2.11,2.15,2.2,2.25,2.3,2.35,2.39,2.43,2.46,2.49,2.52,2.55,2.57,2.6,2.62,2.63,2.63,2.64,2.64,2.64,2.65,2.65,2.65,2.64,2.62,2.6,2.56,2.52,2.46,2.4,2.34,2.27,2.19,2.11,2.05,1.99,1.94
0.7,0.67,0.67,0.68,0.69,0.69,0.39,"NaN","NaN","NaN","NaN","NaN","NaN","NaN","NaN","NaN","NaN","NaN","NaN","NaN",0.36,1.38,1.73,1.93,1.85,1.84,1.82,1.8,1.79,1.78,1.78,1.79,1.8,1.81,1.82,1.82,1.83,1.86,1.89,1.93,1.97,2.0,2.03,2.06,2.1,2.14,2.18,2.23,2.28,2.32,2.35,2.39,2.43,2.47,2.51,2.55,2.58,2.6,2.62,2.63,2.64,2.65,2.67,2.68,2.7,2.7,2.69,2.69,2.68,2.65,2.6,2.55,2.5,2.44,2.36,2.28,2.19,2.12,2.06,2.0
0.67,0.66,0.66,0.67,0.67,0.66,0.4,"NaN","NaN","NaN","NaN","NaN","NaN","NaN","NaN","NaN","NaN","NaN","NaN","NaN","NaN",0.81,1.66,1.78,1.79,1.77,1.75,1.74,1.73,1.72,1.73,1.73,1.74,1.77,1.78,1.79,1.8,1.82,1.85,1.89,1.92,1.96,1.99,2.01,2.04,2.08,2.12,2.17,2.21,2.25,2.29,2.33,2.37,2.42,2.46,2.51,2.55,2.58,2.61,2.63,2.65,2.67,2.68,2.7,2.72,2.73,2.73,2.73,2.73,2.71,2.67,2.63,2.58,2.52,2.45,2.36,2.27,2.2,2.14,2.07
0.61,0.62,0.63,0.64,0.65,0.61,0.28,"NaN","NaN","NaN","NaN","NaN","NaN","NaN","NaN","NaN","NaN","NaN","NaN","NaN","NaN",1.05,1.6,1.73,1.72,1.69,1.68,1.67,1.67,1.66,1.67,1.67,1.69,1.71,1.73,1.74,1.76,1.78,1.81,1.84,1.87,1.9,1.94,1.97,2.0,2.04,2.07,2.11,2.15,2.18,2.23,2.28,2.33,2.37,2.42,2.46,2.51,2.55,2.59,2.62,2.65,2.67,2.69,2.72,2.73,2.74,2.75,2.76,2.76,2.74,2.72,2.68,2.63,2.58,2.51,2.44,2.36,2.28,2.21,2.14
0.53,0.53,0.55,0.58,0.59,0.55,0.08,"NaN","NaN","NaN","NaN","NaN","NaN","NaN","NaN","NaN","NaN","NaN","NaN","NaN","NaN",1.02,1.44,1.65,1.65,1.62,1.61,1.61,1.61,1.61,1.62,1.63,1.64,1.65,1.67,1.69,1.71,1.74,1.77,1.8,1.82,1.84,1.89,1.92,1.95,1.99,2.02,2.06,2.09,2.13,2.18,2.23,2.28,2.34,2.38,2.42,2.47,2.51,2.55,2.6,2.63,2.67,2.69,2.72,2.73,2.74,2.75,2.75,2.75,2.75,2.72,2.69,2.65,2.59,2.54,2.47,2.4,2.34,2.27,2.2
0.44,0.43,0.44,0.47,0.5,0.47,"NaN","NaN","NaN","NaN","NaN","NaN","NaN","NaN","NaN","NaN","NaN","NaN","NaN","NaN","NaN",0.98,1.38,1.55,1.57,1.55,1.55,1.55,1.55,1.56,1.57,1.58,1.59,1.61,1.62,1.64,1.66,1.69,1.72,1.74,1.76,1.78,1.84,1.87,1.91,1.95,1.98,2.02,2.05,2.09,2.14,2.19,2.25,2.3,2.34,2.39,2.43,2.48,2.52,2.57,2.61,2.65,2.67,2.69,2.71,2.72,2.73,2.73,2.73,2.73,2.71,2.67,2.63,2.58,2.53,2.48,2.42,2.36,2.3,2.24
0.36,0.34,0.31,0.32,0.38,0.41,"NaN","NaN","NaN","NaN","NaN","NaN","NaN","NaN","NaN","NaN","NaN","NaN","NaN","NaN","NaN","NaN",1.24,1.43,1.46,1.47,1.48,1.48,1.49,1.5,1.52,1.53,1.54,1.56,1.58,1.61,1.63,1.67,1.7,1.74,1.8,1.74,1.81,1.84,1.88,1.92,1.95,1.99,2.03,2.07,2.11,2.17,2.22,2.27,2.32,2.36,2.4,2.45,2.5,2.55,2.6,2.63,2.65,2.66,2.68,2.7,2.71,2.71,2.7,2.69,2.67,2.64,2.6,2.56,2.51,2.47,2.42,2.37,2.32,2.28
0.29,0.27,0.24,0.2,0.19,0.07,"NaN","NaN","NaN","NaN","NaN","NaN","NaN","NaN","NaN","NaN","NaN","NaN","NaN","NaN","NaN","NaN",1.15,1.33,1.43,1.39,1.41,1.42,1.43,1.45,1.46,1.48,1.5,1.52,1.54,1.57,1.6,1.63,1.65,1.66,1.74,1.71,1.78,1.81,1.85,1.89,1.93,1.97,2.0,2.05,2.09,2.14,2.19,2.24,2.29,2.34,2.38,2.43,2.49,2.54,2.58,2.61,2.62,2.64,2.66,2.67,2.68,2.68,2.67,2.65,2.63,2.6,2.56,2.53,2.5,2.46,2.42,2.38,2.34,2.31
0.23,0.22,0.18,0.14,0.09,0.02,"NaN","NaN","NaN","NaN","NaN","NaN","NaN","NaN","NaN","NaN","NaN","NaN","NaN","NaN","NaN","NaN",0.79,1.12,1.27,1.29,1.33,1.35,1.36,1.39,1.41,1.43,1.45,1.48,1.5,1.53,1.56,1.59,1.62,1.64,1.71,1.7,1.74,1.78,1.82,1.87,1.91,1.95,1.98,2.02,2.06,2.11,2.16,2.22,2.26,2.31,2.35,2.41,2.46,2.51,2.54,2.57,2.59,2.6,2.61,2.63,2.63,2.63,2.62,2.6,2.58,2.55,2.53,2.5,2.48,2.45,2.43,2.4,2.37,2.34
0.2,0.18,0.12,0.08,0.04,"NaN","NaN","NaN","NaN","NaN","NaN","NaN","NaN","NaN","NaN","NaN","NaN","NaN","NaN","NaN","NaN","NaN","NaN",0.54,1.06,1.26,1.25,1.28,1.3,1.33,1.36,1.39,1.42,1.44,1.47,1.5,1.53,1.56,1.57,1.58,1.61,1.68,1.71,1.75,1.79,1.84,1.89,1.92,1.95,1.99,2.03,2.08,2.13,2.19,2.24,2.28,2.33,2.39,2.43,2.47,2.5,2.53,2.55,2.56,2.57,2.58,2.59,2.59,2.57,2.56,2.53,2.51,2.49,2.47,2.46,2.44,2.42,2.41,2.39,2.36
0.12,0.11,0.07,0.04,0.01,"NaN","NaN","NaN","NaN","NaN","NaN","NaN","NaN","NaN","NaN","NaN","NaN","NaN","NaN","NaN","NaN","NaN","NaN","NaN",0.92,1.08,1.17,1.21,1.24,1.27,1.31,1.34,1.37,1.4,1.43,1.47,1.5,1.53,1.55,1.58,1.61,1.65,1.68,1.72,1.76,1.81,1.85,1.9,1.93,1.97,2.01,2.05,2.11,2.16,2.21,2.26,2.31,2.36,2.4,2.43,2.45,2.48,2.5,2.52,2.54,2.55,2.56,2.55,2.54,2.52,2.5,2.48,2.46,2.44,2.42,2.41,2.4,2.39,2.37,2.36
0.08,0.05,0.02,0.01,"NaN","NaN","NaN","NaN","NaN","NaN","NaN","NaN","NaN","NaN","NaN","NaN","NaN","NaN","NaN","NaN","NaN","NaN","NaN","NaN",0.76,0.99,1.08,1.14,1.17,1.21,1.25,1.28,1.32,1.35,1.39,1.42,1.45,1.48,1.52,1.55,1.59,1.62,1.65,1.69,1.72,1.77,1.82,1.86,1.9,1.94,1.98,2.03,2.08,2.14,2.19,2.24,2.28,2.32,2.35,2.38,2.41,2.44,2.46,2.48,2.5,2.52,2.52,2.52,2.51,2.5,2.48,2.45,2.42,2.4,2.38,2.36,2.35,2.34,2.33,2.32
0.02,0.01,0.0,0.0,"NaN","NaN","NaN","NaN","NaN","NaN","NaN","NaN","NaN","NaN","NaN","NaN","NaN","NaN","NaN","NaN","NaN","NaN","NaN","NaN",0.56,0.95,0.99,1.07,1.1,1.15,1.19,1.22,1.26,1.29,1.33,1.36,1.4,1.43,1.46,1.5,1.54,1.58,1.61,1.65,1.69,1.73,1.78,1.82,1.87,1.91,1.96,2.01,2.06,2.1,2.16,2.21,2.25,2.28,2.32,2.35,2.38,2.41,2.43,2.44,2.46,2.47,2.48,2.48,2.48,2.46,2.44,2.42,2.39,2.36,2.33,2.31,2.3,2.29,2.28,2.28
"NaN","NaN","NaN","NaN","NaN","NaN","NaN","NaN","NaN","NaN","NaN","NaN","NaN","NaN","NaN","NaN","NaN","NaN","NaN","NaN","NaN","NaN","NaN","NaN",0.15,0.85,0.9,0.99,1.04,1.08,1.12,1.16,1.19,1.22,1.26,1.3,1.34,1.37,1.41,1.45,1.48,1.52,1.56,1.6,1.65,1.69,1.73,1.78,1.82,1.86,1.91,1.96,2.01,2.06,2.11,2.16,2.21,2.25,2.29,2.32,2.35,2.38,2.39,2.4,2.42,2.43,2.43,2.44,2.43,2.42,2.4,2.37,2.35,2.32,2.28,2.26,2.25,2.24,2.24,2.24
